state,county,pclon00,pclat00
01,001,-86.501832,32.500323
01,003,-87.76054,30.565383
01,005,-85.306746,31.847869
01,007,-87.127019,33.025947
01,009,-86.582617,33.962601
01,011,-85.702783,32.114144
01,013,-86.656062,31.771916
01,015,-85.822048,33.722127
01,017,-85.265864,32.86135
01,019,-85.6271,34.179934
01,021,-86.690393,32.873767
01,023,-88.261777,32.022546
01,025,-87.814619,31.688185
01,027,-85.818841,33.271389
01,029,-85.500911,33.623107
01,031,-85.915827,31.356766
01,033,-87.687401,34.72299
01,035,-86.995692,31.417059
01,037,-86.151949,32.978756
01,039,-86.411489,31.283897
01,041,-86.298379,31.741562
01,043,-86.831714,34.162156
01,045,-85.641948,31.387656
01,047,-87.034511,32.405732
01,049,-85.810181,34.459779
01,051,-86.218197,32.564913
01,053,-87.281965,31.086381
01,055,-86.024439,34.015075
01,057,-87.771412,33.724161
01,059,-87.799829,34.457978
01,061,-85.794903,31.094166
01,063,-87.927239,32.829757
01,065,-87.629645,32.772358
01,067,-85.265593,31.490361
01,069,-85.386877,31.205398
01,071,-85.940311,34.733704
01,073,-86.817556,33.520819
01,075,-88.10886,33.764883
01,077,-87.608504,34.866759
01,079,-87.27454,34.547817
01,081,-85.352521,32.59172
01,083,-86.954084,34.821982
01,085,-86.620978,32.162781
01,087,-85.709518,32.423496
01,089,-86.605877,34.743145
01,091,-87.803144,32.339825
01,093,-87.874008,34.112081
01,095,-86.29678,34.315395
01,097,-88.159562,30.686153
01,099,-87.358921,31.511729
01,101,-86.258293,32.3468
01,103,-86.929311,34.514917
01,105,-87.368499,32.582916
01,107,-88.075527,33.288047
01,109,-85.942867,31.784171
01,111,-85.419539,33.252236
01,113,-85.069769,32.421223
01,115,-86.353223,33.664876
01,117,-86.737308,33.289711
01,119,-88.234797,32.566853
01,121,-86.1736,33.365011
01,123,-85.862292,32.857195
01,125,-87.524276,33.212939
01,127,-87.251294,33.830473
01,129,-88.183818,31.41443
01,131,-87.376939,32.003418
01,133,-87.423583,34.165855
02,013,-162.61706,54.946483
02,016,-167.8805,54.116584
02,020,-149.79667,61.192041
02,050,-162.11107,60.700215
02,060,-156.82216,58.73693
02,068,-149.04636,63.916042
02,070,-158.70922,59.129706
02,090,-147.60464,64.824277
02,100,-135.54531,59.261152
02,105,NA,NA
02,110,-134.52972,58.357237
02,122,-151.05228,60.286142
02,130,-131.67945,55.36929
02,150,-152.47475,57.777258
02,164,-156.59134,58.399128
02,170,-149.40992,61.623731
02,180,-165.26487,64.456222
02,185,-157.26821,70.636549
02,188,-161.63887,66.918581
02,195,NA,NA
02,198,NA,NA
02,201,-132.60169,55.469758
02,220,-135.33673,57.0631
02,230,NA,NA
02,232,-135.33448,58.415975
02,240,-144.47486,63.806757
02,261,-145.8585,61.263245
02,270,-164.28867,62.111974
02,275,NA,NA
02,280,-132.85609,56.683148
02,282,-140.00929,59.615859
02,290,-152.76546,64.96626
04,001,-109.41285,35.645804
04,003,-110.04748,31.610327
04,005,-111.57459,35.547513
04,007,-110.99565,33.799616
04,009,-109.81607,32.874357
04,011,-109.24208,32.960547
04,012,-114.18868,33.945654
04,013,-112.02229,33.495976
04,015,-114.26707,35.039737
04,017,-110.22444,34.977183
04,019,-110.96034,32.225677
04,021,-111.506,33.042961
04,023,-110.93798,31.422354
04,025,-112.25884,34.62493
04,027,-114.59044,32.663265
05,001,-91.459196,34.40301
05,003,-91.866194,33.177045
05,005,-92.382632,36.332991
05,007,-94.228754,36.337502
05,009,-93.098603,36.263928
05,011,-92.104368,33.562711
05,013,-92.489603,33.590853
05,015,-93.568801,36.372427
05,017,-91.322099,33.324721
05,019,-93.121952,34.089618
05,021,-90.381036,36.371498
05,023,-92.038432,35.512308
05,025,-92.146001,33.913456
05,027,-93.24561,33.259054
05,029,-92.706081,35.21191
05,031,-90.665157,35.834606
05,033,-94.282906,35.496842
05,035,-90.221065,35.177923
05,037,-90.770807,35.256341
05,039,-92.525697,33.869653
05,041,-91.412646,33.774625
05,043,-91.778361,33.628245
05,045,-92.403053,35.104972
05,047,-93.889674,35.441909
05,049,-91.756597,36.379308
05,051,-93.07985,34.50804
05,053,-92.412275,34.307144
05,055,-90.522811,36.076562
05,057,-93.624328,33.700517
05,059,-92.890833,34.354001
05,061,-93.912183,33.981031
05,063,-91.609343,35.748
05,065,-91.908597,36.123787
05,067,-91.242807,35.621544
05,069,-92.035952,34.231899
05,071,-93.475226,35.475522
05,073,-93.550847,33.294097
05,075,-91.062072,36.068145
05,077,-90.772871,34.785481
05,079,-91.755165,33.982624
05,081,-94.197333,33.698967
05,083,-93.769652,35.227283
05,085,-91.962568,34.882218
05,087,-93.754229,36.052002
05,089,-92.664406,36.282392
05,091,-93.986739,33.399824
05,093,-89.994573,35.840346
05,095,-91.216396,34.773206
05,097,-93.625655,34.518934
05,099,-93.353947,33.718145
05,101,-93.175948,35.980112
05,103,-92.839362,33.574107
05,105,-92.785359,34.998654
05,107,-90.709707,34.522919
05,109,-93.623754,34.179409
05,111,-90.556826,35.598208
05,113,-94.260312,34.518213
05,115,-93.095177,35.311631
05,117,-91.532857,34.856543
05,119,-92.303666,34.772275
05,121,-90.985782,36.305243
05,123,-90.765196,35.015001
05,125,-92.543326,34.591205
05,127,-94.0929,34.904893
05,129,-92.659811,35.919717
05,131,-94.356789,35.320594
05,133,-94.29901,34.012161
05,135,-91.520638,36.176192
05,137,-92.141827,35.857996
05,139,-92.643279,33.206069
05,141,-92.419834,35.570187
05,143,-94.173184,36.088391
05,145,-91.756135,35.249876
05,147,-91.253394,35.221242
05,149,-93.295401,35.112768
06,001,-122.10549,37.705798
06,003,-119.85509,38.721301
06,005,-120.76562,38.398264
06,007,-121.70499,39.669931
06,009,-120.61588,38.176349
06,011,-122.08706,39.162596
06,013,-122.04927,37.939255
06,015,-124.16068,41.795554
06,017,-120.68462,38.759997
06,019,-119.77232,36.736003
06,021,-122.17591,39.656536
06,023,-124.08735,40.756735
06,025,-115.5238,32.845927
06,027,-118.27464,37.16268
06,029,-118.91673,35.372878
06,031,-119.73393,36.237786
06,033,-122.74056,38.977625
06,035,-120.55382,40.477505
06,037,-118.24094,34.0577
06,039,-119.99704,37.049213
06,041,-122.54829,37.986065
06,043,-119.93733,37.542289
06,045,-123.39694,39.283755
06,047,-120.62256,37.282628
06,049,-120.64988,41.534943
06,051,-118.98948,37.787472
06,053,-121.6666,36.621275
06,055,-122.32937,38.343727
06,057,-120.92759,39.217391
06,059,-117.86772,33.736492
06,061,-121.13647,38.85398
06,063,-120.8435,39.994672
06,065,-117.05238,33.811806
06,067,-121.37938,38.575331
06,069,-121.40134,36.843372
06,071,-117.3511,34.180761
06,073,-117.11363,32.882077
06,075,-122.4394,37.759376
06,077,-121.29141,37.944264
06,079,-120.67311,35.339069
06,081,-122.34129,37.56346
06,083,-120.07063,34.622048
06,085,-121.91108,37.31516
06,087,-121.93911,36.987764
06,089,-122.29273,40.584124
06,091,-120.42045,39.613307
06,093,-122.48738,41.570696
06,095,-122.0741,38.23289
06,097,-122.72102,38.41282
06,099,-120.95952,37.62417
06,101,-121.64389,39.132716
06,103,-122.21636,40.108117
06,105,-123.06026,40.686135
06,107,-119.22579,36.248899
06,109,-120.3267,37.974786
06,111,-119.02623,34.242977
06,113,-121.73373,38.602556
06,115,-121.49294,39.151949
08,001,-104.94624,39.865496
08,003,-105.87963,37.484761
08,005,-104.86297,39.649777
08,007,-107.08469,37.23721
08,009,-102.51117,37.363678
08,011,-103.15317,38.074151
08,013,-105.18088,40.050792
08,014,NA,NA
08,015,-106.07906,38.67194
08,017,-102.45832,38.820056
08,019,-105.53202,39.712993
08,021,-105.98792,37.192342
08,023,-105.45064,37.280527
08,025,-103.83831,38.195717
08,027,-105.37147,38.13627
08,029,-107.90433,38.802098
08,031,-104.96502,39.71907
08,033,-108.7827,37.74073
08,035,-104.88567,39.49251
08,037,-106.69711,39.593335
08,039,-104.51329,39.37385
08,041,-104.76712,38.867198
08,043,-105.20268,38.422452
08,045,-107.53647,39.504997
08,047,-105.48063,39.856337
08,049,-105.99359,40.057552
08,051,-106.94469,38.647794
08,053,-107.30655,37.987267
08,055,-104.87279,37.617812
08,057,-106.29062,40.693974
08,059,-105.12761,39.722627
08,061,-102.69838,38.471161
08,063,-102.45493,39.310893
08,065,-106.30611,39.246589
08,067,-107.81195,37.263909
08,069,-105.10838,40.505112
08,071,-104.51231,37.194988
08,073,-103.60469,39.177935
08,075,-103.18488,40.643382
08,077,-108.53416,39.090745
08,079,-106.93226,37.804675
08,081,-107.62788,40.515219
08,083,-108.55746,37.370448
08,085,-107.95107,38.477616
08,087,-103.77886,40.255465
08,089,-103.65778,38.024315
08,091,-107.74442,38.138968
08,093,-105.58791,39.329409
08,095,-102.3897,40.602312
08,097,-106.90409,39.233506
08,099,-102.54019,38.082175
08,101,-104.63389,38.258034
08,103,-108.28658,40.05341
08,105,-106.24194,37.616964
08,107,-106.90384,40.449815
08,109,-106.04951,37.889694
08,111,-107.66656,37.809383
08,113,-107.96526,37.974704
08,115,-102.32526,40.960478
08,117,-106.05574,39.575186
08,119,-105.13194,38.945306
08,121,-103.16099,40.08427
08,123,-104.76081,40.347779
08,125,-102.48408,40.063094
09,001,-73.36466,41.206901
09,003,-72.717091,41.762235
09,005,-73.189735,41.728208
09,007,-72.568351,41.475891
09,009,-72.940788,41.395343
09,011,-72.096486,41.440807
09,013,-72.374936,41.843532
09,015,-71.994382,41.804832
10,001,-75.556099,39.117372
10,003,-75.628747,39.699043
10,005,-75.356238,38.659345
11,001,-77.014001,38.910092
12,001,-82.379638,29.66604
12,003,-82.187307,30.284799
12,005,-85.654245,30.202103
12,007,-82.128462,29.952838
12,009,-80.688453,28.24358
12,011,-80.220032,26.13885
12,013,-85.113568,30.460801
12,015,-82.117828,26.958364
12,017,-82.450973,28.859855
12,019,-81.79736,30.081565
12,021,-81.708212,26.191595
12,023,-82.659267,30.12944
12,027,-81.86742,27.189963
12,029,-83.061464,29.628489
12,031,-81.623293,30.302269
12,033,-87.271363,30.482227
12,035,-81.223269,29.525009
12,037,-84.814358,29.793371
12,039,-84.584516,30.601049
12,041,-82.807251,29.700271
12,043,-81.171137,26.909123
12,045,-85.261726,29.951983
12,047,-82.988853,30.499265
12,049,-81.813841,27.551158
12,051,-81.203455,26.716163
12,053,-82.495409,28.504911
12,055,-81.439,27.459772
12,057,-82.410617,27.98312
12,059,-85.757209,30.84954
12,061,-80.433647,27.667485
12,063,-85.207671,30.799105
12,065,-83.889262,30.505007
12,067,-83.169058,30.060306
12,069,-81.756071,28.771594
12,071,-81.872663,26.575969
12,073,-84.272398,30.466331
12,075,-82.6724,29.372623
12,077,-84.914505,30.405396
12,079,-83.43527,30.474338
12,081,-82.553521,27.475883
12,083,-82.120154,29.154387
12,085,-80.241296,27.144623
12,086,-80.293921,25.78094
12,087,-81.248599,24.742865
12,089,-81.647834,30.608799
12,091,-86.569578,30.526351
12,093,-80.821092,27.269273
12,095,-81.386378,28.541206
12,097,-81.373812,28.273774
12,099,-80.143893,26.609343
12,101,-82.54203,28.269642
12,103,-82.728013,27.897494
12,105,-81.812731,28.02073
12,107,-81.717411,29.609732
12,109,-81.393463,29.972501
12,111,-80.34349,27.359153
12,113,-87.046781,30.558241
12,115,-82.451715,27.223762
12,117,-81.316725,28.693009
12,119,-82.062961,28.786691
12,121,-82.98877,30.217707
12,123,-83.58318,30.068465
12,125,-82.348984,30.011553
12,127,-81.115275,29.083901
12,129,-84.344512,30.175257
12,131,-86.177707,30.616203
12,133,-85.622275,30.661353
13,001,-82.335608,31.771262
13,003,-82.888542,31.316297
13,005,-82.465284,31.546841
13,007,-84.430297,31.314037
13,009,-83.241122,33.078063
13,011,-83.508463,34.354518
13,013,-83.737186,33.995455
13,015,-84.826231,34.204169
13,017,-83.247693,31.726967
13,019,-83.249131,31.237493
13,021,-83.682626,32.832249
13,023,-83.331247,32.402164
13,025,-81.977459,31.216204
13,027,-83.548655,30.837012
13,029,-81.393427,31.99681
13,031,-81.763308,32.420138
13,033,-81.997814,33.095371
13,035,-83.969352,33.293882
13,037,-84.663348,31.522856
13,039,-81.631676,30.813538
13,043,-82.062304,32.398847
13,045,-85.056815,33.609074
13,047,-85.172599,34.929649
13,049,-82.020691,30.790185
13,051,-81.108938,32.02893
13,053,-84.913545,32.349165
13,055,-85.344068,34.496965
13,057,-84.50392,34.160174
13,059,-83.378904,33.950086
13,061,-85.008232,31.630115
13,063,-84.366558,33.55939
13,065,-82.742628,31.016078
13,067,-84.55088,33.944297
13,069,-82.841848,31.517865
13,071,-83.769425,31.180812
13,073,-82.159597,33.515059
13,075,-83.425062,31.150637
13,077,-84.740562,33.3812
13,079,-83.934462,32.70647
13,081,-83.778471,31.950646
13,083,-85.495865,34.885752
13,085,-84.101831,34.396658
13,087,-84.567239,30.883799
13,089,-84.251091,33.791261
13,091,-83.173539,32.206906
13,093,-83.785345,32.166935
13,095,-84.161972,31.571487
13,097,-84.730281,33.728219
13,099,-84.91652,31.333464
13,101,-83.055619,30.708966
13,103,-81.30587,32.293247
13,105,-82.87624,34.124417
13,107,-82.306416,32.58744
13,109,-81.906251,32.168472
13,111,-84.316555,34.903587
13,113,-84.5106,33.427242
13,115,-85.182477,34.25449
13,117,-84.142722,34.197311
13,119,-83.184189,34.376709
13,121,-84.391243,33.83147
13,123,-84.481682,34.678076
13,125,-82.606802,33.236512
13,127,-81.477684,31.197037
13,129,-84.905712,34.499565
13,131,-84.219762,30.879655
13,133,-83.155682,33.560828
13,135,-84.079065,33.944252
13,137,-83.54151,34.566083
13,139,-83.842856,34.284221
13,141,-82.993711,33.259541
13,143,-85.187207,33.762623
13,145,-84.901247,32.713125
13,147,-82.963016,34.353282
13,149,-85.112025,33.306549
13,151,-84.183365,33.490853
13,153,-83.656905,32.575285
13,155,-83.278598,31.60477
13,157,-83.566233,34.136301
13,159,-83.714691,33.353229
13,161,-82.602223,31.847384
13,163,-82.407688,33.056653
13,165,-81.951286,32.797166
13,167,-82.684686,32.698785
13,169,-83.55114,32.957814
13,171,-84.15489,33.075705
13,173,-83.079637,31.036041
13,175,-82.923478,32.519341
13,177,-84.165128,31.688241
13,179,-81.582814,31.831405
13,181,-82.449435,33.782614
13,183,-81.736741,31.778282
13,185,-83.27583,30.856219
13,187,-83.979815,34.5311
13,189,-82.469931,33.46066
13,191,-81.408641,31.475753
13,193,-84.037809,32.329171
13,195,-83.241082,34.106723
13,197,-84.524019,32.374113
13,199,-84.670974,33.004983
13,201,-84.732896,31.160735
13,205,-84.172003,31.217356
13,207,-83.905639,33.03012
13,209,-82.533412,32.166104
13,211,-83.485882,33.600564
13,213,-84.791191,34.779346
13,215,-84.932156,32.483375
13,217,-83.888646,33.574516
13,219,-83.449676,33.875134
13,221,-83.138394,33.912135
13,223,-84.812504,33.891984
13,225,-83.837821,32.583411
13,227,-84.437049,34.455944
13,229,-82.235804,31.318638
13,231,-84.367778,33.099305
13,233,-85.179072,34.010552
13,235,-83.476776,32.271728
13,237,-83.34714,33.31324
13,239,-85.07254,31.859279
13,241,-83.408678,34.877211
13,243,-84.752143,31.760756
13,245,-82.044752,33.428073
13,247,-84.022453,33.641461
13,249,-84.303019,32.241523
13,251,-81.63061,32.726832
13,253,-84.869835,30.972096
13,255,-84.271839,33.257988
13,257,-83.291129,34.55854
13,259,-84.756329,32.080296
13,261,-84.220371,32.0596
13,263,-84.575146,32.698719
13,265,-82.8847,33.568263
13,267,-82.050254,32.033082
13,269,-84.210755,32.563359
13,271,-82.896619,32.009269
13,273,-84.426299,31.773715
13,275,-83.947668,30.867496
13,277,-83.516286,31.45192
13,279,-82.36802,32.183315
13,281,-83.77722,34.940709
13,283,-82.587129,32.387231
13,285,-85.032807,33.03371
13,287,-83.635735,31.701271
13,289,-83.411665,32.701239
13,291,-83.99838,34.870453
13,293,-84.324727,32.905561
13,295,-85.295301,34.840037
13,297,-83.780096,33.791263
13,299,-82.382101,31.224634
13,301,-82.667136,33.405333
13,303,-82.779144,32.962351
13,305,-81.916567,31.610552
13,307,-84.559209,32.052429
13,309,-82.748971,32.147028
13,311,-83.741931,34.600736
13,313,-84.967347,34.790393
13,315,-83.414035,31.976953
13,317,-82.754044,33.758071
13,319,-83.24006,32.841652
13,321,-83.861267,31.537185
15,001,-155.41573,19.690126
15,003,-157.90885,21.376294
15,005,-156.98023,21.192297
15,007,-159.44751,22.021112
15,009,-156.50023,20.868419
16,001,-116.28613,43.612655
16,003,-116.38618,44.83161
16,005,-112.42274,42.866542
16,007,-111.33995,42.312367
16,009,-116.63985,47.273024
16,011,-112.36284,43.213232
16,013,-114.30066,43.554531
16,015,-115.98651,43.907545
16,017,-116.6359,48.23762
16,019,-112.0045,43.495588
16,021,-116.3053,48.707194
16,023,-113.29273,43.692428
16,025,-114.77873,43.353149
16,027,-116.63357,43.613378
16,029,-111.65253,42.646165
16,031,-113.74335,42.483946
16,033,-112.27404,44.180984
16,035,-116.17616,46.487064
16,037,-114.09698,44.287656
16,039,-115.71351,43.096567
16,041,-111.87341,42.101712
16,043,-111.61633,44.009206
16,045,-116.50987,43.884591
16,047,-114.75172,42.852374
16,049,-116.10374,45.969294
16,051,-111.989,43.702332
16,053,-114.44935,42.69477
16,055,-116.82484,47.73268
16,057,-116.92829,46.742558
16,059,-113.85455,45.127215
16,061,-116.26826,46.23641
16,063,-114.32256,42.970741
16,065,-111.79149,43.819881
16,067,-113.71008,42.616644
16,069,-116.95061,46.394964
16,071,-112.30781,42.177894
16,073,-116.65754,43.367466
16,075,-116.89468,44.023359
16,077,-112.82885,42.772984
16,079,-116.08149,47.513214
16,081,-111.13102,43.704041
16,083,-114.51004,42.55835
16,085,-116.06784,44.748073
16,087,-116.91804,44.30019
17,001,-91.328677,39.944461
17,003,-89.282272,37.141355
17,005,-89.432873,38.887008
17,007,-88.849277,42.291156
17,009,-90.744395,39.963504
17,011,-89.4268,41.384015
17,013,-90.639107,39.130588
17,015,-89.965751,42.071778
17,017,-90.311855,39.978616
17,019,-88.23152,40.131773
17,021,-89.253524,39.524542
17,023,-87.804166,39.349266
17,025,-88.48734,38.717267
17,027,-89.461297,38.586901
17,029,-88.259494,39.488779
17,031,-87.752517,41.864508
17,033,-87.746983,39.005347
17,035,-88.281937,39.277101
17,037,-88.732627,41.92249
17,039,-88.910961,40.171449
17,041,-88.274094,39.768047
17,043,-88.067969,41.85039
17,045,-87.716291,39.637729
17,047,-88.03956,38.403369
17,049,-88.575533,39.094705
17,051,-89.035144,38.994168
17,053,-88.216646,40.528669
17,055,-88.955866,37.962995
17,057,-90.120959,40.52078
17,059,-88.236943,37.768683
17,061,-90.37339,39.372635
17,063,-88.364,41.329668
17,065,-88.555972,38.092542
17,067,-91.197009,40.423611
17,069,-88.288715,37.479273
17,071,-90.948074,40.829968
17,073,-90.133545,41.346859
17,075,-87.827983,40.763449
17,077,-89.283529,37.752054
17,079,-88.157238,39.003294
17,081,-88.911426,38.307961
17,083,-90.322276,39.073198
17,085,-90.301043,42.411122
17,087,-88.868399,37.469004
17,089,-88.32458,41.919372
17,091,-87.84781,41.142918
17,093,-88.398919,41.66612
17,095,-90.329105,40.937241
17,097,-87.959313,42.309142
17,099,-88.897694,41.348378
17,101,-87.721909,38.716752
17,103,-89.396194,41.809423
17,105,-88.573971,40.907315
17,107,-89.362153,40.141165
17,109,-90.668349,40.4703
17,111,-88.344094,42.275797
17,113,-88.9547,40.494602
17,115,-88.947811,39.850756
17,117,-89.878241,39.195438
17,119,-90.029277,38.802682
17,121,-89.021823,38.590173
17,123,-89.319335,41.043983
17,125,-89.898977,40.287091
17,127,-88.715082,37.177304
17,129,-89.803575,40.000049
17,131,-90.689853,41.21176
17,133,-90.167947,38.355039
17,135,-89.500538,39.204311
17,137,-90.232136,39.718458
17,139,-88.61581,39.632976
17,141,-89.26488,42.025754
17,143,-89.636799,40.737879
17,145,-89.323469,38.058279
17,147,-88.583173,40.000809
17,149,-90.862663,39.620115
17,151,-88.544903,37.400583
17,153,-89.134729,37.197112
17,155,-89.265844,41.228904
17,157,-89.806312,38.082415
17,159,-88.088262,38.725474
17,161,-90.505657,41.488122
17,163,-90.010372,38.551678
17,165,-88.535923,37.754385
17,167,-89.652032,39.775119
17,169,-90.565729,40.134819
17,171,-90.462616,39.644753
17,173,-88.801888,39.397534
17,175,-89.79362,41.097776
17,177,-89.644362,42.324293
17,179,-89.539721,40.598698
17,181,-89.238742,37.46755
17,183,-87.654981,40.151567
17,185,-87.789427,38.430326
17,187,-90.635554,40.889834
17,189,-89.387357,38.360203
17,191,-88.41907,38.406175
17,193,-88.189326,38.092848
17,195,-89.823576,41.78194
17,197,-88.038923,41.558545
17,199,-88.974795,37.756678
17,201,-89.064646,42.302042
17,203,-89.280382,40.772975
18,001,-84.935746,40.757482
18,003,-85.119481,41.093379
18,005,-85.900283,39.21717
18,007,-87.29548,40.577187
18,009,-85.344268,40.470069
18,011,-86.414455,40.022279
18,013,-86.212338,39.241696
18,015,-86.600715,40.580985
18,017,-86.338885,40.747782
18,019,-85.731805,38.367247
18,021,-87.123743,39.465123
18,023,-86.511524,40.297791
18,025,-86.421077,38.311991
18,027,-87.101771,38.696308
18,029,-84.922539,39.138619
18,031,-85.493529,39.318284
18,033,-85.034235,41.379751
18,035,-85.400075,40.204795
18,037,-86.912725,38.354255
18,039,-85.909522,41.638829
18,041,-85.147385,39.640899
18,043,-85.853718,38.320044
18,045,-87.272415,40.150088
18,047,-85.070631,39.404093
18,049,-86.223483,41.058396
18,051,-87.541429,38.311547
18,053,-85.645528,40.525846
18,055,-86.999651,39.051927
18,057,-86.071407,40.006408
18,059,-85.816753,39.807885
18,061,-86.095839,38.235442
18,063,-86.426459,39.769443
18,065,-85.404664,39.927902
18,067,-86.130743,40.47214
18,069,-85.486954,40.866143
18,071,-85.94343,38.926024
18,073,-87.149012,41.066208
18,075,-85.036465,40.426062
18,077,-85.434253,38.758774
18,079,-85.64761,39.006166
18,081,-86.113656,39.549774
18,083,-87.454133,38.699612
18,085,-85.829098,41.267811
18,087,-85.454953,41.632982
18,089,-87.406076,41.536831
18,091,-86.792921,41.634978
18,093,-86.494095,38.845154
18,095,-85.703984,40.123519
18,097,-86.137214,39.796755
18,099,-86.27432,41.347031
18,101,-86.846382,38.679291
18,103,-86.068803,40.740408
18,105,-86.537783,39.164453
18,107,-86.900548,40.034391
18,109,-86.402148,39.508572
18,111,-87.382082,40.988371
18,113,-85.391314,41.415597
18,115,-84.906727,38.952677
18,117,-86.496044,38.563941
18,119,-86.800675,39.317788
18,121,-87.229039,39.756742
18,123,-86.709665,38.006221
18,125,-87.235245,38.427676
18,127,-87.106706,41.515721
18,129,-87.826829,38.013013
18,131,-86.686791,41.049179
18,133,-86.838396,39.646268
18,135,-84.998723,40.168907
18,137,-85.220396,39.15998
18,139,-85.473772,39.621116
18,141,-86.228725,41.675117
18,143,-85.763803,38.700099
18,145,-85.790697,39.538301
18,147,-87.014481,38.014581
18,149,-86.639079,41.280506
18,151,-85.01378,41.648179
18,153,-87.393493,39.101638
18,155,-85.025812,38.813616
18,157,-86.886162,40.418483
18,159,-86.05099,40.309473
18,161,-84.921422,39.619485
18,163,-87.553969,37.991352
18,165,-87.439345,39.762871
18,167,-87.388201,39.463002
18,169,-85.802391,40.854882
18,171,-87.326572,40.312479
18,173,-87.345854,38.015806
18,175,-86.088921,38.573557
18,177,-84.94781,39.841829
18,179,-85.195113,40.769242
18,181,-86.809786,40.75638
18,183,-85.479656,41.163467
19,001,-94.478094,41.340811
19,003,-94.711229,41.007209
19,005,-91.419584,43.257422
19,007,-92.86651,40.740529
19,009,-94.926913,41.679472
19,011,-92.028755,42.056843
19,013,-92.367293,42.490921
19,015,-93.898027,42.02884
19,017,-92.369831,42.746592
19,019,-91.896397,42.487673
19,021,-95.179688,42.682232
19,023,-92.762398,42.70874
19,025,-94.622139,42.399771
19,027,-94.867537,42.038627
19,029,-94.977504,41.364932
19,031,-91.13634,41.760598
19,033,-93.24583,43.135115
19,035,-95.594296,42.747751
19,037,-92.337847,43.038985
19,039,-93.777413,41.03753
19,041,-95.160065,43.124538
19,043,-91.322871,42.859437
19,045,-90.334593,41.853508
19,047,-95.358685,42.027002
19,049,-93.974668,41.670082
19,051,-92.411668,40.764632
19,053,-93.819917,40.711679
19,055,-91.382926,42.481315
19,057,-91.141346,40.833629
19,059,-95.134392,43.390357
19,061,-90.757027,42.494605
19,063,-94.754011,43.393383
19,065,-91.855005,42.822592
19,067,-92.75517,43.074388
19,069,-93.242452,42.749238
19,071,-95.619461,40.746183
19,073,-94.3749,42.029547
19,075,-92.752318,42.378917
19,077,-94.435602,41.671125
19,079,-93.764305,42.407116
19,081,-93.708898,43.090201
19,083,-93.214274,42.434746
19,085,-95.807964,41.665837
19,087,-91.537724,40.981569
19,089,-92.23318,43.361831
19,091,-94.214663,42.750153
19,093,-95.505449,42.389356
19,095,-92.046364,41.703898
19,097,-90.565015,42.139934
19,099,-93.067549,41.678804
19,101,-91.966361,41.012114
19,103,-91.554971,41.674629
19,105,-91.19351,42.133633
19,107,-92.178391,41.327334
19,109,-94.21838,43.151753
19,111,-91.396705,40.559011
19,113,-91.647263,42.009675
19,115,-91.253541,41.223086
19,117,-93.31203,41.020185
19,119,-96.213314,43.383524
19,121,-93.994267,41.343802
19,123,-92.640095,41.313015
19,125,-93.043554,41.351941
19,127,-92.937291,42.031702
19,129,-95.690439,41.048374
19,131,-92.801881,43.338313
19,133,-95.975906,42.064112
19,135,-92.829114,41.037485
19,137,-95.169023,41.00983
19,139,-91.076683,41.463407
19,141,-95.685739,43.12323
19,143,-95.676337,43.384766
19,145,-95.19124,40.745799
19,147,-94.687218,43.097596
19,149,-96.202176,42.749901
19,151,-94.699474,42.746938
19,153,-93.64384,41.61652
19,155,-95.792341,41.280016
19,157,-92.61903,41.710362
19,159,-94.229161,40.736047
19,161,-95.089749,42.376303
19,163,-90.569942,41.560659
19,165,-95.321492,41.668685
19,167,-96.16581,43.078397
19,169,-93.594756,42.027888
19,171,-92.541437,42.066911
19,173,-94.676971,40.753741
19,175,-94.316443,41.052732
19,177,-91.942845,40.743244
19,179,-92.417932,41.016398
19,181,-93.584412,41.399315
19,183,-91.698808,41.356454
19,185,-93.318348,40.743203
19,187,-94.179072,42.479317
19,189,-93.671415,43.343648
19,191,-91.816402,43.280329
19,193,-96.342006,42.483817
19,195,-93.250535,43.365545
19,197,-93.752501,42.731998
20,001,-95.367465,37.896756
20,003,-95.26314,38.247837
20,005,-95.184254,39.554814
20,007,-98.558227,37.213569
20,009,-98.758939,38.397915
20,011,-94.750045,37.844904
20,013,-95.549378,39.801297
20,015,-96.979604,37.728896
20,017,-96.563749,38.353494
20,019,-96.237026,37.111904
20,021,-94.755471,37.116483
20,023,-101.74317,39.769323
20,025,-99.865911,37.278578
20,027,-97.125879,39.359319
20,029,-97.639136,39.534182
20,031,-95.739886,38.246814
20,033,-99.368159,37.235952
20,035,-96.995462,37.175726
20,037,-94.73348,37.441595
20,039,-100.48474,39.802134
20,041,-97.147918,38.87756
20,043,-95.080699,39.78864
20,045,-95.25119,38.942551
20,047,-99.357986,37.914467
20,049,-96.23522,37.42085
20,051,-99.327963,38.880785
20,053,-98.264751,38.720358
20,055,-100.86259,37.975919
20,057,-99.991214,37.748939
20,059,-95.262389,38.600117
20,061,-96.833983,39.038526
20,063,-100.38066,39.044724
20,065,-99.859903,39.357751
20,067,-101.35178,37.579469
20,069,-100.41693,37.722428
20,071,-101.76915,38.491129
20,073,-96.224734,37.859421
20,075,-101.75909,37.981202
20,077,-98.050581,37.213228
20,079,-97.38641,38.048514
20,081,-100.89654,37.49845
20,083,-99.864354,38.082565
20,085,-95.751003,39.405545
20,087,-95.395299,39.213433
20,089,-98.206516,39.776336
20,091,-94.725587,38.936067
20,093,-101.23476,37.953957
20,095,-98.105303,37.605101
20,097,-99.269503,37.599865
20,099,-95.256863,37.25914
20,101,-100.48431,38.500052
20,103,-94.95581,39.251096
20,105,-98.179634,39.03697
20,107,-94.799926,38.229054
20,109,-100.93251,39.09417
20,111,-96.177571,38.415387
20,113,-97.648826,38.380036
20,115,-97.118391,38.321997
20,117,-96.56961,39.800611
20,119,-100.39541,37.291977
20,121,-94.849652,38.578308
20,123,-98.175833,39.452273
20,125,-95.692108,37.138966
20,127,-96.583158,38.695281
20,129,-101.83736,37.052375
20,131,-95.968682,39.827096
20,133,-95.393347,37.625824
20,135,-99.904315,38.498317
20,137,-99.880267,39.816812
20,139,-95.714618,38.697022
20,141,-98.709643,39.424192
20,143,-97.689657,39.103105
20,145,-99.149204,38.176319
20,147,-99.345949,39.755546
20,149,-96.306074,39.266379
20,151,-98.732815,37.646193
20,153,-101.04775,39.809942
20,155,-97.935627,38.050433
20,157,-97.658862,39.820389
20,159,-98.203268,38.319324
20,161,-96.632238,39.190899
20,163,-99.315008,39.31927
20,165,-99.283361,38.524041
20,167,-98.822538,38.905856
20,169,-97.607866,38.816137
20,171,-100.91363,38.481939
20,173,-97.343678,37.677317
20,175,-100.91587,37.053674
20,177,-95.704025,39.035309
20,179,-100.46396,39.361706
20,181,-101.72975,39.349379
20,183,-98.804197,39.770043
20,185,-98.731332,38.005591
20,187,-101.75293,37.564457
20,189,-101.32146,37.192206
20,191,-97.408431,37.300113
20,193,-101.04647,39.38369
20,195,-99.882572,38.998961
20,197,-96.180832,38.975487
20,199,-101.76685,38.882823
20,201,-97.059356,39.78356
20,203,-101.3507,38.501943
20,205,-95.742571,37.513086
20,207,-95.742169,37.874098
20,209,-94.701311,39.102915
21,001,-85.280127,37.10733
21,003,-86.204396,36.748567
21,005,-84.928217,38.025769
21,007,-88.980917,37.043572
21,009,-85.929185,36.99437
21,011,-83.740972,38.140132
21,013,-83.699162,36.690716
21,015,-84.675963,38.986056
21,017,-84.244802,38.20571
21,019,-82.665629,38.432249
21,021,-84.798604,37.636987
21,023,-84.072721,38.704332
21,025,-83.378183,37.517696
21,027,-86.41707,37.771671
21,029,-85.662285,38.022965
21,031,-86.678183,37.22032
21,033,-87.880183,37.12859
21,035,-88.304531,36.619117
21,037,-84.442779,39.039309
21,039,-88.950406,36.853976
21,041,-85.139461,38.669241
21,043,-83.039936,38.311983
21,045,-84.925451,37.303568
21,047,-87.477256,36.805727
21,049,-84.182008,37.985721
21,051,-83.739977,37.168439
21,053,-85.133719,36.715435
21,055,-88.095779,37.332755
21,057,-85.391774,36.776867
21,059,-87.095126,37.748063
21,061,-86.259047,37.202265
21,063,-83.106448,38.118579
21,065,-83.989,37.705478
21,067,-84.496455,38.018572
21,069,-83.712837,38.39028
21,071,-82.7389,37.546882
21,073,-84.86789,38.196315
21,075,-89.033693,36.538467
21,077,-84.845111,38.763822
21,079,-84.56825,37.641037
21,081,-84.60163,38.684329
21,083,-88.649347,36.739974
21,085,-86.306625,37.469207
21,087,-85.536251,37.263449
21,089,-82.813112,38.557469
21,091,-86.804408,37.867202
21,093,-85.919908,37.754678
21,095,-83.231975,36.865328
21,097,-84.315551,38.415305
21,099,-85.881541,37.276514
21,101,-87.564253,37.818242
21,103,-85.172964,38.432686
21,105,-88.963941,36.66783
21,107,-87.523973,37.302813
21,109,-83.994145,37.405858
21,111,-85.701339,38.202688
21,113,-84.586336,37.883071
21,115,-82.814264,37.829814
21,117,-84.547446,39.019836
21,119,-82.936359,37.329673
21,121,-83.907168,36.901368
21,123,-85.722089,37.544621
21,125,-84.089646,37.091772
21,127,-82.683785,38.075969
21,129,-83.702476,37.590107
21,131,-83.376445,37.110166
21,133,-82.805966,37.146473
21,135,-83.339978,38.564766
21,137,-84.66672,37.468248
21,139,-88.351666,37.137995
21,141,-86.870538,36.8577
21,143,-88.08038,37.065465
21,145,-88.645926,37.04877
21,147,-84.453465,36.714094
21,149,-87.221493,37.513751
21,151,-84.286148,37.705385
21,153,-83.054406,37.729829
21,155,-85.284616,37.56922
21,157,-88.339505,36.899186
21,159,-82.501,37.843745
21,161,-83.78868,38.618497
21,163,-86.133661,37.934273
21,165,-83.597589,37.941645
21,167,-84.849794,37.784858
21,169,-85.642922,36.99349
21,171,-85.727499,36.708208
21,173,-83.919093,38.034826
21,175,-83.262404,37.914354
21,177,-87.146033,37.237911
21,179,-85.465112,37.814643
21,181,-84.018786,38.325019
21,183,-86.862955,37.463568
21,185,-85.454655,38.3743
21,187,-84.832331,38.528946
21,189,-83.677235,37.452241
21,191,-84.360471,38.716518
21,193,-83.198068,37.254307
21,195,-82.41549,37.461635
21,197,-83.877865,37.849136
21,199,-84.613087,37.091683
21,201,-84.048902,38.522862
21,203,-84.34596,37.379504
21,205,-83.437124,38.197925
21,207,-85.059531,37.028361
21,209,-84.572834,38.23467
21,211,-85.223548,38.213248
21,213,-86.573324,36.732636
21,215,-85.352382,38.051859
21,217,-85.341688,37.351084
21,219,-87.170608,36.810542
21,221,-87.837578,36.848991
21,223,-85.332925,38.620619
21,225,-87.930708,37.653493
21,227,-86.433444,36.974506
21,229,-85.189036,37.738713
21,231,-84.843737,36.833036
21,233,-87.690523,37.496824
21,235,-84.137167,36.807961
21,237,-83.508401,37.743571
21,239,-84.726845,38.052481
22,001,-92.350973,30.274473
22,003,-92.766754,30.679264
22,005,-90.929949,30.241691
22,007,-91.06442,29.9256
22,009,-92.063029,31.050178
22,011,-93.291786,30.73813
22,013,-93.077175,32.391658
22,015,-93.656816,32.555985
22,017,-93.79977,32.476078
22,019,-93.262739,30.228661
22,021,-92.104805,32.079319
22,023,-93.232815,29.894431
22,025,-91.821872,31.689558
22,027,-93.035794,32.829727
22,029,-91.547275,31.593625
22,031,-93.772958,32.090382
22,033,-91.103294,30.464976
22,035,-91.199356,32.771924
22,037,-91.091493,30.829706
22,039,-92.36114,30.682291
22,041,-91.695386,32.138947
22,043,-92.563978,31.545407
22,045,-91.808994,29.992048
22,047,-91.239707,30.272988
22,049,-92.643438,32.282546
22,051,-90.15353,29.945222
22,053,-92.733762,30.238588
22,055,-92.042563,30.209046
22,057,-90.60819,29.676813
22,059,-92.173283,31.731234
22,061,-92.648543,32.549364
22,063,-90.837927,30.48135
22,065,-91.195862,32.400206
22,067,-91.884116,32.787134
22,069,-93.100599,31.762009
22,071,-90.050805,29.977005
22,073,-92.126209,32.511728
22,075,-89.807351,29.63048
22,077,-91.502725,30.675709
22,079,-92.459467,31.284471
22,081,-93.310157,32.056365
22,083,-91.71086,32.441914
22,085,-93.564993,31.581758
22,087,-89.935839,29.930386
22,089,-90.376075,29.938886
22,091,-90.692869,30.793994
22,093,-90.740344,30.020474
22,095,-90.514672,30.070055
22,097,-92.110782,30.520532
22,099,-91.829653,30.219237
22,101,-91.350818,29.743453
22,103,-89.934652,30.3763
22,105,-90.458531,30.57871
22,107,-91.295873,31.969161
22,109,-90.717889,29.586756
22,111,-92.408082,32.798824
22,113,-92.174294,29.984629
22,115,-93.242786,31.095054
22,117,-89.977099,30.835598
22,119,-93.341805,32.704101
22,121,-91.264284,30.447108
22,123,-91.430324,32.812876
22,125,-91.450009,30.890217
22,127,-92.673258,31.932121
23,001,-70.201292,44.118371
23,003,-68.090703,46.714564
23,005,-70.297417,43.747597
23,007,-70.223276,44.701723
23,009,-68.463225,44.464429
23,011,-69.748108,44.396849
23,013,-69.157388,44.129198
23,015,-69.555437,44.030217
23,017,-70.608985,44.294994
23,019,-68.78748,44.967341
23,021,-69.258354,45.243324
23,023,-69.86934,43.952638
23,025,-69.685229,44.819961
23,027,-69.08172,44.491909
23,029,-67.45296,44.869777
23,031,-70.636446,43.418154
24,001,-78.82173,39.629173
24,003,-76.595783,39.067634
24,005,-76.617623,39.367348
24,009,-76.540518,38.546178
24,011,-75.831935,38.869919
24,013,-76.992277,39.52771
24,015,-75.936203,39.614875
24,017,-76.952693,38.578875
24,019,-76.013321,38.565563
24,021,-77.401077,39.437827
24,023,-79.304909,39.509216
24,025,-76.310413,39.52175
24,027,-76.857464,39.218019
24,029,-76.064934,39.242117
24,031,-77.118317,39.082241
24,033,-76.892366,38.907291
24,035,-76.15825,39.018974
24,037,-76.582461,38.309783
24,039,-75.751874,38.12387
24,041,-76.10534,38.769171
24,043,-77.734936,39.617841
24,045,-75.593803,38.372058
24,047,-75.245005,38.297622
24,510,-76.620725,39.314881
25,001,-70.328016,41.690295
25,003,-73.217343,42.46323
25,005,-71.107952,41.79163
25,007,-70.603215,41.419527
25,009,-70.983958,42.623629
25,011,-72.562434,42.579031
25,013,-72.575124,42.126022
25,015,-72.576317,42.311857
25,017,-71.253895,42.448531
25,019,-70.092208,41.269931
25,021,-71.146372,42.203151
25,023,-70.856195,42.02629
25,025,-71.07872,42.333258
25,027,-71.806896,42.306288
26,001,-83.469884,44.664885
26,003,-86.691629,46.388874
26,005,-85.88087,42.599837
26,007,-83.502076,45.051064
26,009,-85.206092,44.982065
26,011,-83.883288,44.042142
26,013,-88.455222,46.764008
26,015,-85.33911,42.610575
26,017,-83.926003,43.631787
26,019,-86.031986,44.645652
26,021,-86.409206,41.989517
26,023,-85.035148,41.930266
26,025,-85.099128,42.290305
26,027,-86.038264,41.899526
26,029,-85.116959,45.246464
26,031,-84.516838,45.518032
26,033,-84.390808,46.377985
26,035,-84.825568,43.947747
26,037,-84.560188,42.902861
26,039,-84.670017,44.658119
26,041,-87.065,45.801218
26,043,-88.015471,45.832685
26,045,-84.74161,42.643456
26,047,-84.910028,45.436795
26,049,-83.695802,43.014171
26,051,-84.435626,43.966796
26,053,-89.996665,46.444801
26,055,-85.605983,44.714785
26,057,-84.629601,43.341767
26,059,-84.605774,41.914566
26,061,-88.539808,47.12691
26,063,-83.060768,43.834801
26,065,-84.490102,42.691228
26,067,-85.086215,42.958553
26,069,-83.541082,44.35701
26,071,-88.537832,46.098154
26,073,-84.80076,43.609271
26,075,-84.407117,42.241245
26,077,-85.581586,42.263953
26,079,-85.162167,44.723295
26,081,-85.630261,42.963797
26,083,-88.298859,47.334054
26,085,-85.796383,43.956753
26,087,-83.25483,43.060352
26,089,-85.730274,44.912365
26,091,-84.052874,41.92302
26,093,-83.854927,42.569596
26,095,-85.549756,46.337569
26,097,-84.875833,45.998029
26,099,-82.959525,42.577739
26,101,-86.189184,44.302478
26,103,-87.497722,46.486812
26,105,-86.348921,43.973462
26,107,-85.387545,43.657129
26,109,-87.583383,45.333768
26,111,-84.298757,43.641709
26,113,-85.175026,44.308062
26,115,-83.484797,41.899841
26,117,-85.171745,43.290013
26,119,-84.125935,44.999959
26,121,-86.216206,43.243257
26,123,-85.81174,43.470068
26,125,-83.305033,42.584276
26,127,-86.303331,43.634656
26,129,-84.119242,44.291891
26,131,-89.291486,46.719652
26,133,-85.353562,43.964057
26,135,-84.148834,44.695835
26,137,-84.666369,45.007827
26,139,-86.028179,42.909535
26,141,-83.87651,45.355288
26,143,-84.646868,44.36588
26,145,-83.988226,43.395733
26,147,-82.563774,42.903893
26,149,-85.524946,41.887118
26,151,-82.781491,43.36817
26,153,-86.224104,46.006886
26,155,-84.144521,42.943113
26,157,-83.437802,43.430136
26,159,-86.020344,42.262242
26,161,-83.725138,42.258981
26,163,-83.200595,42.34034
26,165,-85.482511,44.304356
27,001,-93.520669,46.569532
27,003,-93.272394,45.191038
27,005,-95.77422,46.852105
27,007,-94.856247,47.59308
27,009,-94.102824,45.633322
27,011,-96.444914,45.400753
27,013,-94.004178,44.125678
27,015,-94.601672,44.284441
27,017,-92.534618,46.645353
27,019,-93.677877,44.839739
27,021,-94.417151,46.844548
27,023,-95.613556,44.960397
27,025,-92.929683,45.457793
27,027,-96.669655,46.861795
27,029,-95.389671,47.562071
27,031,-90.334985,47.788858
27,033,-95.123587,43.94494
27,035,-94.152062,46.429931
27,037,-93.152741,44.77334
27,039,-92.816002,44.030052
27,041,-95.394846,45.909622
27,043,-93.954959,43.679546
27,045,-92.08352,43.688075
27,047,-93.361801,43.662104
27,049,-92.668581,44.451436
27,051,-95.942819,45.944459
27,053,-93.35747,44.971262
27,055,-91.439887,43.717996
27,057,-94.937483,47.053187
27,059,-93.26728,45.544855
27,061,-93.517221,47.317829
27,063,-95.114152,43.666897
27,065,-93.299873,45.886246
27,067,-95.017064,45.152625
27,069,-96.791779,48.731339
27,071,-93.492164,48.507264
27,073,-96.139562,44.984553
27,075,-91.544218,47.191889
27,077,-94.747723,48.768308
27,079,-93.727078,44.386169
27,081,-96.254525,44.379076
27,083,-95.796746,44.42734
27,085,-94.266946,44.857796
27,087,-95.837809,47.298236
27,089,-96.536057,48.31321
27,091,-94.511041,43.666839
27,093,-94.489411,45.134192
27,095,-93.6209,45.808069
27,097,-94.329922,45.985489
27,099,-92.898255,43.664354
27,101,-95.743085,43.9861
27,103,-94.067756,44.267459
27,105,-95.677675,43.639113
27,107,-96.479648,47.30814
27,109,-92.468285,44.021227
27,111,-95.798773,46.402289
27,113,-96.147877,48.102464
27,115,-92.893553,46.035526
27,117,-96.27152,43.985127
27,119,-96.539442,47.777561
27,121,-95.439243,45.626259
27,123,-93.106472,44.993418
27,125,-96.145093,47.876666
27,127,-95.191928,44.440523
27,129,-94.939304,44.721662
27,131,-93.259513,44.366322
27,133,-96.236942,43.64997
27,135,-95.654532,48.820149
27,137,-92.31526,47.096578
27,139,-93.467132,44.713506
27,141,-93.740315,45.407344
27,143,-94.180098,44.57958
27,145,-94.367231,45.555635
27,147,-93.215064,44.061084
27,149,-95.933372,45.581366
27,151,-95.690646,45.265074
27,153,-94.886035,46.072588
27,155,-96.547673,45.749419
27,157,-92.220242,44.300571
27,159,-95.048572,46.524694
27,161,-93.551579,44.059478
27,163,-92.918781,44.984594
27,165,-94.585666,43.992592
27,167,-96.527305,46.312872
27,169,-91.711562,44.024373
27,171,-93.861439,45.192584
27,173,-95.836965,44.737739
28,001,-91.360602,31.547728
28,003,-88.529602,34.908682
28,005,-90.819534,31.182794
28,007,-89.588695,33.06465
28,009,-89.20618,34.812448
28,011,-90.780931,33.77752
28,013,-89.307593,33.927754
28,015,-89.922951,33.455043
28,017,-88.929649,33.931491
28,019,-89.240059,33.34027
28,021,-90.966015,31.931129
28,023,-88.727134,32.052278
28,025,-88.69733,33.625385
28,027,-90.568036,34.22267
28,029,-90.381769,31.895614
28,031,-89.549487,31.640899
28,033,-89.96554,34.930935
28,035,-89.291607,31.312969
28,037,-90.878607,31.471424
28,039,-88.597608,30.872795
28,041,-88.632942,31.195648
28,043,-89.80182,33.770148
28,045,-89.404629,30.362854
28,047,-89.060356,30.421788
28,049,-90.251496,32.30985
28,051,-90.034072,33.095054
28,053,-90.520931,33.155957
28,055,-91.014089,32.878313
28,057,-88.40107,34.291734
28,059,-88.647547,30.435342
28,061,-89.142864,31.967698
28,063,-91.055413,31.716008
28,065,-89.817047,31.575792
28,067,-89.163966,31.671012
28,069,-88.668827,32.757776
28,071,-89.522397,34.362664
28,073,-89.441875,31.253093
28,075,-88.689448,32.401073
28,077,-90.106826,31.555497
28,079,-89.509464,32.736803
28,081,-88.703031,34.268785
28,083,-90.217678,33.518339
28,085,-90.453647,31.554865
28,087,-88.395897,33.514169
28,089,-90.092873,32.513672
28,091,-89.828529,31.248454
28,093,-89.537906,34.810681
28,095,-88.499397,33.922988
28,097,-89.680343,33.496097
28,099,-89.116155,32.753086
28,101,-89.126214,32.411213
28,103,-88.551113,33.129991
28,105,-88.831627,33.449622
28,107,-89.942556,34.351505
28,109,-89.631889,30.641689
28,111,-88.988024,31.2598
28,113,-90.437218,31.21235
28,115,-89.01297,34.250833
28,117,-88.55202,34.630125
28,119,-90.266826,34.271615
28,121,-90.034904,32.27313
28,123,-89.525787,32.402509
28,125,-90.856763,32.923525
28,127,-89.852616,31.915408
28,129,-89.501418,31.96989
28,131,-89.136042,30.816147
28,133,-90.586947,33.598866
28,135,-90.168674,33.970924
28,137,-89.940139,34.647399
28,139,-88.92638,34.768278
28,141,-88.228225,34.724144
28,143,-90.366258,34.684985
28,145,-89.008586,34.486155
28,147,-90.118039,31.147518
28,149,-90.849406,32.324659
28,151,-91.009167,33.369994
28,153,-88.658271,31.651416
28,155,-89.230999,33.582315
28,157,-91.240475,31.126255
28,159,-89.045427,33.086561
28,161,-89.696282,34.080085
28,163,-90.382468,32.823178
29,001,-92.583273,40.196313
29,003,-94.816436,39.924195
29,005,-95.434331,40.424237
29,007,-91.814346,39.204329
29,009,-93.860765,36.732641
29,011,-94.306354,37.492826
29,013,-94.362922,38.271293
29,015,-93.304524,38.305161
29,017,-90.001058,37.334191
29,019,-92.320756,38.962781
29,021,-94.823685,39.74986
29,023,-90.409935,36.751259
29,025,-93.984093,39.665428
29,027,-91.989754,38.802427
29,029,-92.75252,38.072866
29,031,-89.604815,37.350975
29,033,-93.498977,39.409266
29,035,-90.904404,36.947075
29,037,-94.424611,38.740213
29,039,-93.902829,37.771064
29,041,-92.936458,39.485757
29,043,-93.260643,37.022959
29,045,-91.709011,40.4139
29,047,-94.49431,39.243913
29,049,-94.368608,39.603949
29,051,-92.22205,38.554839
29,053,-92.77774,38.911405
29,055,-91.323198,38.058357
29,057,-93.833016,37.416554
29,059,-93.065855,37.647653
29,061,-93.981582,39.941674
29,063,-94.353235,39.824305
29,065,-91.539446,37.630032
29,067,-92.587621,36.939446
29,069,-90.058169,36.3284
29,071,-91.000351,38.434337
29,073,-91.492522,38.459936
29,075,-94.428606,40.197143
29,077,-93.30253,37.19721
29,079,-93.594464,40.090518
29,081,-93.995574,40.317041
29,083,-93.73855,38.395263
29,085,-93.335754,37.907382
29,087,-95.202204,40.091074
29,089,-92.712794,39.139926
29,091,-91.873508,36.792553
29,093,-90.718197,37.575555
29,095,-94.458432,39.014401
29,097,-94.441797,37.127376
29,099,-90.476725,38.341761
29,101,-93.762389,38.753525
29,103,-92.155082,40.149531
29,105,-92.654642,37.670862
29,107,-93.840069,39.058291
29,109,-93.796738,37.03459
29,111,-91.64576,40.086277
29,113,-90.924922,39.013863
29,115,-93.063472,39.797775
29,117,-93.556309,39.792927
29,119,-94.402444,36.618746
29,121,-92.511331,39.799798
29,123,-90.30053,37.532726
29,125,-91.883407,38.170121
29,127,-91.453714,39.739681
29,129,-93.569306,40.428406
29,131,-92.506651,38.250246
29,133,-89.363561,36.854523
29,135,-92.618522,38.631214
29,137,-91.971981,39.520968
29,139,-91.469211,38.953532
29,141,-92.849683,38.38071
29,143,-89.662003,36.595738
29,145,-94.409973,36.921949
29,147,-94.869302,40.35392
29,149,-91.462675,36.617649
29,151,-91.883187,38.458463
29,153,-92.428658,36.624709
29,155,-89.749304,36.185127
29,157,-89.855142,37.713723
29,159,-93.246669,38.703844
29,161,-91.749478,37.94184
29,163,-91.151355,39.368459
29,165,-94.684036,39.26125
29,167,-93.404416,37.603738
29,169,-92.175715,37.827603
29,171,-92.977642,40.478862
29,173,-91.464745,39.575242
29,175,-92.453499,39.411925
29,177,-94.059013,39.33326
29,179,-90.971493,37.338608
29,181,-90.79256,36.624645
29,183,-90.634712,38.773939
29,185,-93.775859,38.058629
29,186,-90.16426,37.938062
29,187,-90.492769,37.832624
29,189,-90.382973,38.65006
29,195,-93.203607,39.113639
29,197,-92.521293,40.465243
29,199,-92.146837,40.448226
29,201,-89.579111,37.009381
29,203,-91.430183,37.068448
29,205,-92.076894,39.75347
29,207,-89.968883,36.849198
29,209,-93.441377,36.714035
29,211,-93.106615,40.219476
29,213,-93.181657,36.653673
29,215,-91.969438,37.310347
29,217,-94.340389,37.836182
29,219,-91.107295,38.783246
29,221,-90.785138,37.949567
29,223,-90.517195,37.109562
29,225,-92.901166,37.268132
29,227,-94.439313,40.483913
29,229,-92.428836,37.193402
29,510,-90.253655,38.625222
30,001,-112.70022,45.221689
30,003,-107.50775,45.559786
30,005,-108.90547,48.447437
30,007,-111.51896,46.310413
30,009,-109.08441,45.317445
30,011,-104.52546,45.673295
30,013,-111.3064,47.490998
30,015,-110.4229,47.927041
30,017,-105.81421,46.402673
30,019,-105.43574,48.788641
30,021,-104.75224,47.139134
30,023,-112.95345,46.135876
30,025,-104.31398,46.36166
30,027,-109.41125,47.096578
30,029,-114.27381,48.254406
30,031,-111.12133,45.677449
30,033,-106.94786,47.287656
30,035,-112.78951,48.602034
30,037,-109.1573,46.282512
30,039,-113.2901,46.453004
30,041,-109.76676,48.521208
30,043,-112.05191,46.24264
30,045,-110.1854,47.105189
30,047,-114.11747,47.603312
30,049,-112.02819,46.644915
30,051,-110.97531,48.551135
30,053,-115.45036,48.530616
30,055,-105.63158,47.582096
30,057,-111.97301,45.446474
30,059,-110.85456,46.530254
30,061,-114.89919,47.189638
30,063,-114.0152,46.874866
30,065,-108.48158,46.424062
30,067,-110.59557,45.593815
30,069,-108.30014,47.024307
30,071,-107.86111,48.37582
30,073,-112.13439,48.210636
30,075,-105.54161,45.430919
30,077,-112.75776,46.451386
30,079,-105.266,46.806996
30,081,-114.12189,46.344787
30,083,-104.21419,47.72018
30,085,-105.23954,48.134429
30,087,-106.61338,45.925785
30,089,-115.16163,47.630352
30,091,-104.5017,48.738232
30,093,-112.52473,45.98869
30,095,-109.27342,45.609092
30,097,-109.91585,45.826792
30,099,-112.05134,47.775114
30,101,-111.84856,48.597828
30,103,-107.22982,46.24262
30,105,-106.54147,48.23934
30,107,-109.83445,46.463708
30,109,-104.19656,46.970954
30,111,-108.53723,45.789902
31,001,-98.414988,40.582496
31,003,-98.055474,42.148113
31,005,-101.67469,41.571593
31,007,-103.6996,41.556821
31,009,-99.999067,41.908448
31,011,-98.018705,41.680969
31,013,-102.90632,42.138214
31,015,-98.738775,42.892071
31,017,-99.85311,42.539382
31,019,-99.068053,40.739973
31,021,-96.34418,41.849003
31,023,-97.14036,41.24274
31,025,-96.060268,40.94482
31,027,-97.25439,42.576796
31,029,-101.61981,40.500786
31,031,-100.77323,42.782051
31,033,-102.98426,41.170398
31,035,-98.033032,40.540521
31,037,-97.077794,41.529282
31,039,-96.760285,41.895892
31,041,-99.668162,41.4036
31,043,-96.443728,42.444213
31,045,-103.07518,42.780679
31,047,-99.862164,40.829173
31,049,-102.34161,41.087516
31,051,-96.829177,42.439975
31,053,-96.534282,41.477425
31,055,-96.047236,41.258903
31,057,-101.61969,40.096339
31,059,-97.577521,40.54263
31,061,-98.94461,40.188647
31,063,-100.39793,40.608913
31,065,-99.926182,40.245641
31,067,-96.715728,40.267976
31,069,-102.31778,41.422846
31,071,-99.103922,41.805029
31,073,-99.829908,40.58829
31,075,-101.72628,41.980612
31,077,-98.493793,41.559928
31,079,-98.378254,40.914947
31,081,-98.021285,40.879579
31,083,-99.402722,40.145207
31,085,-101.05729,40.497489
31,087,-101.01404,40.21201
31,089,-98.740839,42.456034
31,091,-101.06713,42.015637
31,093,-98.497434,41.189396
31,095,-97.138905,40.165479
31,097,-96.236597,40.400897
31,099,-98.993687,40.506459
31,101,-101.69564,41.140856
31,103,-99.701908,42.872538
31,105,-103.6623,41.23019
31,107,-97.785137,42.616512
31,109,-96.672773,40.8026
31,111,-100.788,41.11979
31,113,-100.49614,41.485978
31,115,-99.405762,41.810846
31,117,-101.00519,41.565549
31,119,-97.465776,42.001571
31,121,-98.040873,41.130847
31,123,-103.15279,41.706994
31,125,-97.903363,41.401977
31,127,-95.835102,40.402524
31,129,-98.05628,40.117731
31,131,-96.023695,40.667826
31,133,-96.181897,40.131629
31,135,-101.66639,40.845495
31,137,-99.406779,40.469045
31,139,-97.592088,42.265927
31,141,-97.390638,41.472988
31,143,-97.557553,41.174631
31,145,-100.58333,40.204826
31,147,-95.672791,40.102753
31,149,-99.488744,42.536456
31,151,-97.031994,40.573844
31,153,-96.008922,41.152018
31,155,-96.573804,41.201888
31,157,-103.68323,41.866342
31,159,-97.109915,40.871272
31,161,-102.39986,42.699508
31,163,-98.967634,41.22247
31,165,-103.82438,42.385651
31,167,-97.244934,41.980131
31,169,-97.628457,40.178954
31,171,-100.56431,41.964995
31,173,-96.523771,42.155638
31,175,-98.949562,41.571214
31,177,-96.161145,41.509768
31,179,-97.062672,42.22249
31,181,-98.485034,40.194071
31,183,-98.551961,41.875518
31,185,-97.605924,40.866801
32,001,-118.79349,39.472837
32,003,-115.13735,36.145263
32,005,-119.76462,38.9539
32,007,-115.49278,40.879234
32,009,-117.60112,37.740394
32,011,-116.15845,39.868738
32,013,-117.7456,41.0385
32,015,-116.9308,40.524915
32,017,-114.65579,37.675875
32,019,-119.32739,39.283426
32,021,-118.63733,38.59491
32,023,-116.24444,36.602295
32,027,-118.29339,40.348511
32,029,-119.61766,39.384031
32,031,-119.798,39.530732
32,033,-114.84956,39.28382
32,510,-119.75402,39.16612
33,001,-71.445152,43.520945
33,003,-71.175574,43.806947
33,005,-72.263887,42.898957
33,007,-71.358774,44.556098
33,009,-71.962394,43.838003
33,011,-71.530653,42.87903
33,013,-71.583804,43.246165
33,015,-71.103617,42.934948
33,017,-70.953044,43.247261
33,019,-72.265222,43.36624
34,001,-74.573671,39.423226
34,003,-74.057528,40.919202
34,005,-74.834223,39.98027
34,007,-75.029459,39.865625
34,009,-74.79785,39.100373
34,011,-75.088756,39.429365
34,013,-74.216753,40.768569
34,015,-75.122017,39.750163
34,017,-74.062722,40.742858
34,019,-74.89705,40.574661
34,021,-74.703674,40.255412
34,023,-74.385573,40.488972
34,025,-74.139763,40.292593
34,027,-74.500218,40.859401
34,029,-74.207516,39.970574
34,031,-74.191793,40.926466
34,033,-75.379425,39.624761
34,035,-74.579279,40.56499
34,037,-74.653273,41.08912
34,039,-74.294539,40.659778
34,041,-75.014526,40.796063
35,001,-106.60247,35.106187
35,003,-108.58287,33.884762
35,005,-104.51156,33.364629
35,006,-107.80969,35.110509
35,007,-104.62736,36.70523
35,009,-103.22492,34.418905
35,011,-104.24816,34.457758
35,013,-106.72984,32.239277
35,015,-104.28828,32.540145
35,017,-108.23851,32.77846
35,019,-104.79573,34.919747
35,021,-104.01549,35.891096
35,023,-108.75742,32.277604
35,025,-103.19506,32.750197
35,027,-105.63169,33.422764
35,028,-106.26829,35.867691
35,029,-107.74116,32.216243
35,031,-108.62584,35.518941
35,033,-105.23479,36.002349
35,035,-105.95959,32.869209
35,037,-103.65697,35.17722
35,039,-106.2002,36.197407
35,041,-103.35094,34.165113
35,043,-106.65006,35.349827
35,045,-108.23516,36.713058
35,047,-105.29617,35.572247
35,049,-105.99907,35.634001
35,051,-107.28029,33.106623
35,053,-106.95392,34.154394
35,055,-105.60874,36.43745
35,057,-106.09769,34.871099
35,059,-103.28545,36.453466
35,061,-106.7197,34.751037
36,001,-73.814233,42.678066
36,003,-78.020567,42.226801
36,005,-73.881928,40.849951
36,007,-75.933191,42.122015
36,009,-78.606673,42.224267
36,011,-76.560755,42.940095
36,013,-79.315313,42.246904
36,015,-76.812331,42.116644
36,017,-75.570013,42.481798
36,019,-73.548883,44.731944
36,021,-73.682168,42.276913
36,023,-76.143291,42.597101
36,025,-74.997944,42.242972
36,027,-73.840468,41.686216
36,029,-78.795544,42.888143
36,031,-73.685145,44.166026
36,033,-74.340621,44.705699
36,035,-74.331296,43.06014
36,037,-78.172679,43.000121
36,039,-73.973376,42.298326
36,041,-74.395268,43.618468
36,043,-74.994246,43.070026
36,045,-75.898971,44.019295
36,047,-73.954557,40.649704
36,049,-75.446296,43.785537
36,051,-77.765392,42.763754
36,053,-75.720031,42.986917
36,055,-77.620143,43.161748
36,057,-74.341972,42.933637
36,059,-73.601185,40.715749
36,061,-73.964923,40.780432
36,063,-78.856419,43.134634
36,065,-75.361773,43.149482
36,067,-76.168033,43.065629
36,069,-77.252045,42.894571
36,071,-74.241929,41.422459
36,073,-78.218438,43.248394
36,075,-76.31133,43.39123
36,077,-75.060334,42.564852
36,079,-73.717443,41.41131
36,081,-73.833427,40.720947
36,083,-73.628669,42.70098
36,085,-74.136826,40.588511
36,087,-74.017033,41.127287
36,089,-75.154844,44.652067
36,091,-73.786779,43.00894
36,093,-73.946838,42.809233
36,095,-74.434606,42.643426
36,097,-76.872032,42.38593
36,099,-76.82753,42.833627
36,101,-77.324618,42.270053
36,103,-73.119032,40.820237
36,105,-74.711705,41.705166
36,107,-76.29595,42.120252
36,109,-76.478784,42.461024
36,111,-74.099412,41.848374
36,113,-73.716044,43.403024
36,115,-73.454761,43.289513
36,117,-77.117995,43.144336
36,119,-73.805386,41.039278
36,121,-78.204473,42.723641
36,123,-77.078311,42.634338
37,001,-79.413198,36.073689
37,003,-81.190216,35.892391
37,005,-81.104115,36.497391
37,007,-80.10297,34.968865
37,009,-81.490584,36.420012
37,011,-81.942559,36.078762
37,013,-76.947356,35.517454
37,015,-76.974771,36.09128
37,017,-78.640203,34.602868
37,019,-78.240563,34.024762
37,021,-82.548319,35.589807
37,023,-81.638604,35.731358
37,025,-80.600172,35.4056
37,027,-81.508046,35.878544
37,029,-76.179327,36.356169
37,031,-76.790045,34.7454
37,033,-79.361425,36.403087
37,035,-81.251673,35.697437
37,037,-79.264559,35.733479
37,039,-84.009698,35.113958
37,041,-76.623888,36.114785
37,043,-83.805309,35.036674
37,045,-81.514201,35.293009
37,047,-78.711554,34.284865
37,049,-77.034359,35.060767
37,051,-78.937867,35.064317
37,053,-75.997744,36.386462
37,055,-75.673954,35.902008
37,057,-80.202066,35.847116
37,059,-80.525955,35.927043
37,061,-77.947501,34.932905
37,063,-78.909019,35.995021
37,065,-77.663904,35.908769
37,067,-80.256788,36.109712
37,069,-78.326917,36.055729
37,071,-81.160977,35.275168
37,073,-76.70603,36.460172
37,075,-83.791228,35.33033
37,077,-78.657432,36.238562
37,079,-77.670117,35.471971
37,081,-79.851923,36.05985
37,083,-77.669001,36.348433
37,085,-78.823364,35.362527
37,087,-82.940841,35.515691
37,089,-82.473673,35.337093
37,091,-77.007876,36.348979
37,093,-79.19523,34.984645
37,095,-76.212825,35.444228
37,097,-80.870925,35.729122
37,099,-83.19981,35.33741
37,101,-78.395932,35.547985
37,103,-77.349102,35.024406
37,105,-79.172121,35.461975
37,107,-77.629113,35.263788
37,109,-81.195445,35.482745
37,111,-82.024089,35.668436
37,113,-83.377564,35.15873
37,115,-82.648687,35.841406
37,117,-77.106243,35.836331
37,119,-80.811956,35.215425
37,121,-82.117551,35.965219
37,123,-79.883194,35.335029
37,125,-79.445676,35.25057
37,127,-77.916978,35.948606
37,129,-77.883429,34.211839
37,131,-77.431022,36.429817
37,133,-77.394649,34.735029
37,135,-79.079748,35.975077
37,137,-76.77305,35.109444
37,139,-76.24754,36.29572
37,141,-77.856906,34.482237
37,143,-76.427514,36.18443
37,145,-78.973484,36.379378
37,147,-77.382106,35.581568
37,149,-82.179145,35.256404
37,151,-79.826796,35.76481
37,153,-79.732001,34.944379
37,155,-79.09468,34.669631
37,157,-79.77053,36.405522
37,159,-80.521153,35.622696
37,161,-81.894257,35.348181
37,163,-78.392954,35.027981
37,165,-79.480855,34.785085
37,167,-80.2441,35.321823
37,169,-80.270022,36.352137
37,171,-80.657717,36.43229
37,173,-83.410643,35.438702
37,175,-82.74537,35.210297
37,177,-76.238082,35.903317
37,179,-80.587184,35.008447
37,181,-78.40173,36.331252
37,183,-78.66766,35.796321
37,185,-78.135063,36.411464
37,187,-76.648713,35.86536
37,189,-81.687736,36.220003
37,191,-77.988093,35.367254
37,193,-81.132531,36.193014
37,195,-77.924718,35.724444
37,197,-80.674828,36.164228
37,199,-82.292487,35.909283
38,001,-102.62579,46.034199
38,003,-98.033756,46.925306
38,005,-99.184428,48.029992
38,007,-103.30347,47.018529
38,009,-100.65352,48.819124
38,011,-103.39549,46.169233
38,013,-102.52444,48.774187
38,015,-100.76287,46.819769
38,017,-96.857401,46.867749
38,019,-98.417151,48.754316
38,021,-98.332248,46.086333
38,023,-103.35359,48.873933
38,025,-102.62732,47.318995
38,027,-99.056673,47.712214
38,029,-100.21008,46.257696
38,031,-99.027474,47.459763
38,033,-103.96223,46.890347
38,035,-97.136662,47.911013
38,037,-101.70086,46.379405
38,039,-98.191411,47.451667
38,041,-102.5197,46.443405
38,043,-99.808455,46.929156
38,045,-98.521462,46.406492
38,047,-99.543754,46.496298
38,049,-100.67811,48.181055
38,051,-99.493364,46.138889
38,053,-103.24757,47.810578
38,055,-101.19928,47.520723
38,057,-101.71173,47.299216
38,059,-101.03429,46.817396
38,061,-102.35718,48.121906
38,063,-98.204061,47.914118
38,065,-101.32503,47.121126
38,067,-97.577907,48.786992
38,069,-99.987344,48.324402
38,071,-98.833549,48.145027
38,073,-97.658329,46.479374
38,075,-101.54395,48.7289
38,077,-96.767599,46.258324
38,079,-99.813045,48.835254
38,081,-97.584871,46.156776
38,083,-100.32729,47.579936
38,085,-100.7363,46.147809
38,087,-103.43893,46.417978
38,089,-102.78274,46.878739
38,091,-97.745161,47.459418
38,093,-98.749773,46.916892
38,095,-99.241845,48.596542
38,097,-97.226315,47.489396
38,099,-97.565343,48.389694
38,101,-101.33252,48.265126
38,103,-99.767033,47.670775
38,105,-103.56014,48.203535
39,001,-83.51489,38.847361
39,003,-84.121903,40.757167
39,005,-82.287313,40.850931
39,007,-80.769941,41.799513
39,009,-82.099312,39.347266
39,011,-84.271436,40.544884
39,013,-80.882205,40.040941
39,015,-83.891775,38.946742
39,017,-84.50469,39.412504
39,019,-81.115193,40.609375
39,021,-83.760709,40.120649
39,023,-83.833101,39.925832
39,025,-84.212332,39.102058
39,027,-83.839273,39.410357
39,029,-80.727692,40.773426
39,031,-81.861665,40.288837
39,033,-82.873269,40.797361
39,035,-81.671295,41.453802
39,037,-84.609897,40.116571
39,039,-84.446319,41.29475
39,041,-83.01398,40.225132
39,043,-82.631205,41.407076
39,045,-82.655869,39.786822
39,047,-83.44652,39.549649
39,049,-82.995652,40.000012
39,051,-84.096487,41.578019
39,053,-82.269415,38.831049
39,055,-81.225582,41.49143
39,057,-83.994173,39.727319
39,059,-81.544071,40.016785
39,061,-84.506572,39.179006
39,063,-83.643304,41.038401
39,065,-83.673864,40.688587
39,067,-81.051452,40.309609
39,069,-84.077552,41.358003
39,071,-83.579207,39.219767
39,073,-82.450277,39.521466
39,075,-81.876464,40.567037
39,077,-82.618482,41.172751
39,079,-82.609212,39.038775
39,081,-80.692415,40.36466
39,083,-82.457371,40.40078
39,085,-81.324834,41.684615
39,087,-82.542319,38.504101
39,089,-82.499829,40.055925
39,091,-83.78299,40.387629
39,093,-82.119607,41.388793
39,095,-83.608547,41.65479
39,097,-83.383079,39.924283
39,099,-80.694515,41.052213
39,101,-83.131442,40.582396
39,103,-81.842393,41.14358
39,105,-82.008562,39.057667
39,107,-84.607543,40.518786
39,109,-84.236029,40.04856
39,111,-81.064589,39.740293
39,113,-84.207074,39.748899
39,115,-81.866825,39.61833
39,117,-82.794639,40.522781
39,119,-81.996439,39.959371
39,121,-81.482304,39.772672
39,123,-83.083036,41.531754
39,125,-84.584247,41.132096
39,127,-82.230539,39.751591
39,129,-82.998549,39.664982
39,131,-83.035886,39.084822
39,133,-81.26786,41.177085
39,135,-84.624268,39.743898
39,137,-84.115412,41.009689
39,139,-82.539348,40.764398
39,141,-83.016742,39.338475
39,143,-83.103255,41.341687
39,145,-82.945557,38.781203
39,147,-83.202858,41.128551
39,149,-84.190209,40.317032
39,151,-81.384872,40.834696
39,153,-81.512911,41.108617
39,155,-80.759633,41.238324
39,157,-81.462304,40.477358
39,159,-83.354955,40.262276
39,161,-84.56677,40.855552
39,163,-82.497693,39.237334
39,165,-84.244384,39.431918
39,167,-81.509086,39.412704
39,169,-81.863684,40.839872
39,171,-84.57368,41.534905
39,173,-83.597736,41.445922
39,175,-83.300366,40.867466
40,001,-94.633527,35.887811
40,003,-98.322071,36.663581
40,005,-96.083902,34.337617
40,007,-100.60597,36.81446
40,009,-99.517298,35.359281
40,011,-98.421425,35.884811
40,013,-96.379418,33.974202
40,015,-98.339637,35.134908
40,017,-97.796942,35.49224
40,019,-97.204806,34.194013
40,021,-94.993381,35.901037
40,023,-95.527426,34.018966
40,025,-102.48387,36.736268
40,027,-97.441833,35.26186
40,029,-96.278859,34.548041
40,031,-98.423615,34.630118
40,033,-98.33094,34.304428
40,035,-95.156511,36.674367
40,037,-96.235554,35.974727
40,039,-98.84475,35.549113
40,041,-94.79604,36.456315
40,043,-99.054402,36.050074
40,045,-99.784191,36.262347
40,047,-97.882344,36.397427
40,049,-97.293091,34.735768
40,051,-97.879533,35.082034
40,053,-97.775658,36.766797
40,055,-99.460002,34.914952
40,057,-99.895165,34.694138
40,059,-99.749793,36.776403
40,061,-95.122301,35.237115
40,063,-96.310534,35.084421
40,065,-99.33323,34.652691
40,067,-97.864621,34.127333
40,069,-96.657379,34.265388
40,071,-97.130371,36.745487
40,073,-97.916251,35.918858
40,075,-99.014124,34.939091
40,077,-95.262698,34.883819
40,079,-94.63865,35.0663
40,081,-96.879822,35.662113
40,083,-97.435561,35.846374
40,085,-97.173494,33.926225
40,087,-97.50066,35.080377
40,089,-94.815314,34.00387
40,091,-95.580976,35.386933
40,093,-98.430692,36.29779
40,095,-96.756466,34.021581
40,097,-95.234435,36.290196
40,099,-97.029076,34.50537
40,101,-95.367247,35.711135
40,103,-97.240931,36.328788
40,105,-95.634507,36.773959
40,107,-96.330617,35.449796
40,109,-97.511445,35.512021
40,111,-95.969219,35.608828
40,113,-96.266718,36.439695
40,115,-94.840289,36.867398
40,117,-96.546954,36.274301
40,119,-96.994316,36.088139
40,121,-95.723346,34.953593
40,123,-96.670742,34.773416
40,125,-96.950766,35.314752
40,127,-95.473389,34.340297
40,129,-99.656859,35.638181
40,131,-95.632545,36.318085
40,133,-96.625648,35.180653
40,135,-94.739876,35.47017
40,137,-97.942263,34.516339
40,139,-101.44414,36.717406
40,141,-98.975624,34.381551
40,143,-95.919082,36.10828
40,145,-95.592489,36.002699
40,147,-95.940273,36.732369
40,149,-99.048022,35.310979
40,151,-98.721531,36.762431
40,153,-99.379849,36.42515
41,001,-117.75695,44.774019
41,003,-123.28139,44.570902
41,005,-122.57518,45.363054
41,007,-123.83305,46.100674
41,009,-122.93956,45.900062
41,011,-124.22795,43.302422
41,013,-120.83403,44.288545
41,015,-124.32812,42.25169
41,017,-121.30842,44.086126
41,019,-123.39034,43.241973
41,021,-120.18997,45.409673
41,023,-118.99245,44.451154
41,025,-118.99842,43.525058
41,027,-121.56504,45.652985
41,029,-122.85866,42.343821
41,031,-121.19736,44.600713
41,033,-123.388,42.402267
41,035,-121.72695,42.277384
41,037,-120.46086,42.447651
41,039,-123.11499,44.037904
41,041,-123.99956,44.713815
41,043,-122.95252,44.552049
41,045,-117.06356,43.971105
41,047,-122.95488,44.960537
41,049,-119.60785,45.722099
41,051,-122.5908,45.518447
41,053,-123.21978,44.920198
41,055,-120.72762,45.518996
41,057,-123.85871,45.463352
41,059,-118.92696,45.791228
41,061,-118.02151,45.341617
41,063,-117.31067,45.445297
41,065,-121.20258,45.537065
41,067,-122.87014,45.484588
41,069,-120.08384,44.83715
41,071,-123.14161,45.236728
42,001,-77.161122,39.852685
42,003,-79.962191,40.443734
42,005,-79.511626,40.770318
42,007,-80.302164,40.683637
42,009,-78.476806,40.053178
42,011,-75.908762,40.36645
42,013,-78.377501,40.487307
42,015,-76.529118,41.833269
42,017,-75.017374,40.235631
42,019,-79.952278,40.835227
42,021,-78.80393,40.405281
42,023,-78.236013,41.501822
42,025,-75.72211,40.863386
42,027,-77.841116,40.842167
42,029,-75.671201,39.992833
42,031,-79.428292,41.181079
42,033,-78.503456,40.991712
42,035,-77.458072,41.145151
42,037,-76.387463,41.039038
42,039,-80.100507,41.665382
42,041,-77.098505,40.204117
42,043,-76.798874,40.305443
42,045,-75.345323,39.921637
42,047,-78.621406,41.420699
42,049,-80.069716,42.068861
42,051,-79.711519,39.949933
42,053,-79.299947,41.497458
42,055,-77.658151,39.88224
42,057,-78.084806,39.921474
42,059,-80.122586,39.875606
42,061,-78.001103,40.423393
42,063,-79.127949,40.616382
42,065,-78.966467,41.085233
42,067,-77.327429,40.571826
42,069,-75.636694,41.442752
42,071,-76.289685,40.073302
42,073,-80.338028,40.986171
42,075,-76.443646,40.341378
42,077,-75.504914,40.602584
42,079,-75.926339,41.204836
42,081,-76.98671,41.250072
42,083,-78.58212,41.863962
42,085,-80.345245,41.2654
42,087,-77.614995,40.602272
42,089,-75.308459,41.032378
42,091,-75.305676,40.165679
42,093,-76.628182,40.995555
42,095,-75.322248,40.699751
42,097,-76.680849,40.871832
42,099,-77.151383,40.410928
42,101,-75.14105,40.004835
42,103,-74.98007,41.308916
42,105,-77.936356,41.823133
42,107,-76.198565,40.716256
42,109,-76.983272,40.786302
42,111,-79.009657,40.031389
42,113,-76.490143,41.470178
42,115,-75.771015,41.824642
42,117,-77.208706,41.816944
42,119,-76.961916,40.974829
42,121,-79.766293,41.406051
42,123,-79.233944,41.849869
42,125,-80.14551,40.200711
42,127,-75.304308,41.549163
42,129,-79.592597,40.339487
42,131,-75.939802,41.53762
42,133,-76.750347,39.940915
44,001,-71.284415,41.712879
44,003,-71.484651,41.699948
44,005,-71.268795,41.545761
44,007,-71.449401,41.856522
44,009,-71.589804,41.466345
45,001,-82.423494,34.236556
45,003,-81.768827,33.534901
45,005,-81.28893,32.997791
45,007,-82.619145,34.549686
45,009,-81.074551,33.269807
45,011,-81.352774,33.296893
45,013,-80.73499,32.338079
45,015,-80.032994,33.081198
45,017,-80.809621,33.670712
45,019,-79.981986,32.820362
45,021,-81.641622,35.078438
45,023,-81.124044,34.701184
45,025,-80.137349,34.682451
45,027,-80.21208,33.691159
45,029,-80.657066,32.91042
45,031,-79.983941,34.327824
45,033,-79.358172,34.395742
45,035,-80.235312,33.011669
45,037,-81.921778,33.727537
45,039,-81.079747,34.364362
45,041,-79.759324,34.096393
45,043,-79.287137,33.451494
45,045,-82.345925,34.850478
45,047,-82.148986,34.203318
45,049,-81.125372,32.798439
45,051,-78.939863,33.794819
45,053,-81.017751,32.43642
45,055,-80.635519,34.26713
45,057,-80.730592,34.719295
45,059,-82.024139,34.502867
45,061,-80.25788,34.177846
45,063,-81.205189,33.960402
45,065,-82.293282,33.888501
45,067,-79.336086,34.163661
45,069,-79.668968,34.635112
45,071,-81.580241,34.273417
45,073,-83.01084,34.708442
45,075,-80.79807,33.469561
45,077,-82.685446,34.811999
45,079,-80.989812,34.047592
45,081,-81.706017,33.993134
45,083,-81.992051,34.961099
45,085,-80.386384,33.930212
45,087,-81.624277,34.730484
45,089,-79.725253,33.65709
45,091,-81.074107,34.982953
46,003,-98.530152,43.695857
46,005,-98.232787,44.37112
46,007,-101.7709,43.207091
46,009,-97.85605,42.978693
46,011,-96.786414,44.315642
46,013,-98.446051,45.480675
46,015,-99.186706,43.762949
46,017,-99.371682,44.058482
46,019,-103.74673,44.678142
46,021,-100.10066,45.809157
46,023,-98.516294,43.176837
46,025,-97.708816,44.844575
46,027,-96.940823,42.814639
46,029,-97.1307,44.914727
46,031,-100.95608,45.760364
46,033,-103.52589,43.737928
46,035,-98.042706,43.705398
46,037,-97.525446,45.363577
46,039,-96.664647,44.737461
46,041,-101.12314,45.127139
46,043,-98.361354,43.371581
46,045,-99.176069,45.45428
46,047,-103.51708,43.388995
46,049,-99.114492,45.071345
46,051,-96.648944,45.205164
46,053,-99.274279,43.181041
46,055,-101.5736,44.136112
46,057,-97.143408,44.649119
46,059,-98.992609,44.534185
46,061,-97.770556,43.65288
46,063,-103.50264,45.611175
46,065,-100.29899,44.377935
46,067,-97.750972,43.334904
46,069,-99.459683,44.509202
46,071,-101.62855,43.686659
46,073,-98.562814,44.086482
46,075,-100.69728,43.907003
46,077,-97.412877,44.377099
46,079,-97.101658,44.005419
46,081,-103.80071,44.443373
46,083,-96.733058,43.389457
46,085,-99.740557,43.937274
46,087,-97.356211,43.665693
46,089,-99.292898,45.756877
46,091,-97.644617,45.75863
46,093,-103.27135,44.300985
46,095,-100.80808,43.546189
46,097,-97.562248,44.017483
46,099,-96.730397,43.558584
46,101,-96.655885,44.021118
46,103,-103.21517,44.065642
46,105,-102.3224,45.720777
46,107,-99.895601,45.080666
46,109,-96.94948,45.614178
46,111,-98.149642,44.008972
46,113,-102.485,43.186742
46,115,-98.420206,44.909189
46,117,-100.43394,44.361379
46,119,-100.10801,44.71415
46,121,-100.78983,43.250116
46,123,-99.853712,43.34951
46,125,-97.118542,43.302042
46,127,-96.614709,42.735071
46,129,-100.29732,45.517766
46,135,-97.392942,42.904333
46,137,-101.56716,44.905452
47,001,-84.182728,36.082673
47,003,-86.464338,35.5106
47,005,-88.090281,36.072011
47,007,-85.191807,35.619117
47,009,-83.97069,35.755569
47,011,-84.861605,35.165839
47,013,-84.124847,36.38622
47,015,-86.061712,35.800976
47,017,-88.46471,36.015985
47,019,-82.201083,36.317509
47,021,-87.064201,36.26339
47,023,-88.622433,35.434503
47,025,-83.644448,36.490813
47,027,-85.56079,36.555056
47,029,-83.173716,35.94871
47,031,-86.12866,35.449118
47,033,-89.124913,35.789699
47,035,-85.022878,35.950733
47,037,-86.750506,36.146772
47,039,-88.126886,35.611523
47,041,-85.838682,35.968738
47,043,-87.349651,36.108787
47,045,-89.360884,36.057118
47,047,-89.455803,35.20299
47,049,-84.933811,36.371033
47,051,-86.113494,35.206965
47,053,-88.885568,35.945202
47,055,-87.031504,35.191337
47,057,-83.479865,36.27306
47,059,-82.834009,36.176982
47,061,-85.71962,35.340754
47,063,-83.296667,36.215573
47,065,-85.210944,35.091899
47,067,-83.228799,36.521188
47,069,-89.019386,35.222733
47,071,-88.22738,35.198695
47,073,-82.871692,36.464696
47,075,-89.272179,35.585205
47,077,-88.400292,35.647334
47,079,-88.29713,36.318773
47,081,-87.410148,35.847589
47,083,-87.707701,36.307006
47,085,-87.776956,36.070918
47,087,-85.630662,36.330732
47,089,-83.455875,36.071024
47,091,-81.841093,36.453021
47,093,-83.979665,35.974039
47,095,-89.467166,36.355484
47,097,-89.540968,35.764377
47,099,-87.357191,35.230101
47,101,-87.527478,35.535606
47,103,-86.573117,35.111084
47,105,-84.286385,35.761177
47,107,-84.597086,35.422666
47,109,-88.544919,35.177021
47,111,-86.021527,36.535259
47,113,-88.822395,35.642237
47,115,-85.603908,35.107054
47,117,-86.775471,35.478514
47,119,-87.056189,35.614686
47,121,-84.814468,35.505544
47,123,-84.357686,35.512631
47,125,-87.364348,36.54432
47,127,-86.340076,35.29746
47,129,-84.588765,36.102243
47,131,-89.081352,36.396272
47,133,-85.319697,36.352423
47,135,-87.860007,35.652822
47,137,-85.138061,36.566128
47,139,-84.558235,35.122774
47,141,-85.502746,36.163044
47,143,-84.951968,35.561361
47,145,-84.524957,35.885631
47,147,-86.834463,36.486873
47,149,-86.440371,35.891101
47,151,-84.506461,36.452949
47,153,-85.393148,35.350196
47,155,-83.578426,35.857932
47,157,-89.913322,35.127123
47,159,-85.964836,36.242228
47,161,-87.798295,36.495666
47,163,-82.395271,36.531666
47,165,-86.536565,36.396955
47,167,-89.746367,35.484165
47,169,-86.167587,36.393247
47,171,-82.396469,36.149083
47,173,-83.81882,36.241887
47,175,-85.452008,35.72416
47,177,-85.79129,35.695663
47,179,-82.432512,36.323347
47,181,-87.793194,35.258833
47,183,-88.76984,36.2913
47,185,-85.48719,35.937084
47,187,-86.86197,35.93339
47,189,-86.396588,36.199756
48,001,-95.691946,31.778259
48,003,-102.54184,32.320471
48,005,-94.713946,31.312811
48,007,-97.070428,28.030054
48,009,-98.617488,33.69921
48,011,-101.39188,35.082418
48,013,-98.57137,29.028869
48,015,-96.224645,29.856934
48,017,-102.74986,34.206998
48,019,-99.043269,29.703944
48,021,-97.346326,30.142459
48,023,-99.26204,33.595961
48,025,-97.73749,28.398256
48,027,-97.576155,31.086641
48,029,-98.517259,29.468115
48,031,-98.39976,30.181449
48,033,-101.44097,32.747757
48,035,-97.5805,31.867025
48,037,-94.208246,33.435382
48,039,-95.391832,29.272066
48,041,-96.335477,30.634758
48,043,-103.61403,30.231363
48,045,-101.23584,34.439541
48,047,-98.145057,27.200017
48,049,-98.989112,31.731293
48,051,-96.639884,30.477719
48,053,-98.252591,30.67362
48,055,-97.679252,29.845936
48,057,-96.62629,28.587473
48,059,-99.445889,32.346625
48,061,-97.55952,26.047287
48,063,-94.983589,32.989877
48,065,-101.3179,35.387202
48,067,-94.296906,33.079302
48,069,-102.26816,34.520471
48,071,-94.707915,29.798988
48,073,-95.208346,31.898556
48,075,-100.22667,34.428508
48,077,-98.243358,33.830396
48,079,-102.74201,33.68543
48,081,-100.40683,31.903849
48,083,-99.425152,31.81224
48,085,-96.701468,33.081905
48,087,-100.2171,34.864821
48,089,-96.532279,29.657546
48,091,-98.215635,29.758629
48,093,-98.558936,31.967824
48,095,-99.868916,31.285348
48,097,-97.138365,33.612826
48,099,-97.825155,31.24587
48,101,-100.30418,34.023601
48,103,-102.35223,31.400532
48,105,-101.22146,30.706607
48,107,-101.36764,33.665202
48,109,-104.80974,31.081521
48,111,-102.57788,36.117326
48,113,-96.786678,32.814861
48,115,-101.95002,32.735103
48,117,-102.40202,34.835575
48,119,-95.697545,33.376729
48,121,-97.028632,33.100289
48,123,-97.31817,29.101553
48,125,-100.8496,33.527615
48,127,-99.817338,28.516741
48,129,-100.85211,34.940766
48,131,-98.399987,27.7304
48,133,-98.835798,32.356838
48,135,-102.38494,31.865926
48,137,-100.19085,29.97564
48,139,-96.802043,32.41747
48,141,-106.38684,31.781616
48,143,-98.23231,32.201436
48,145,-96.945705,31.260453
48,147,-96.172661,33.564303
48,149,-96.894396,29.850994
48,151,-100.41106,32.77641
48,153,-101.37169,34.040755
48,155,-99.700164,33.992216
48,157,-95.646717,29.600348
48,159,-95.223422,33.122164
48,161,-96.218367,31.69203
48,163,-99.111974,28.832172
48,165,-102.64847,32.769416
48,167,-94.985825,29.407432
48,169,-101.39179,33.200618
48,171,-98.899476,30.275018
48,173,-101.51657,31.849433
48,175,-97.372757,28.703406
48,177,-97.509548,29.47203
48,179,-100.93747,35.525386
48,181,-96.621506,33.655617
48,183,-94.790174,32.497114
48,185,-96.017178,30.453017
48,187,-98.061126,29.594381
48,189,-101.74134,34.143203
48,191,-100.60797,34.653651
48,193,-98.10038,31.760111
48,195,-101.27975,36.218348
48,197,-99.694292,34.282762
48,199,-94.261161,30.308
48,201,-95.403362,29.792254
48,203,-94.404502,32.535175
48,205,-102.49749,35.984357
48,207,-99.772306,33.181526
48,209,-97.948856,29.988087
48,211,-100.35989,35.891511
48,213,-95.897232,32.23783
48,215,-98.177733,26.228875
48,217,-97.166414,31.99583
48,219,-102.33416,33.585666
48,221,-97.769327,32.432811
48,223,-95.587194,33.125542
48,225,-95.46381,31.299053
48,227,-101.46172,32.244123
48,229,-105.60421,31.403868
48,231,-96.088632,33.08805
48,233,-101.44888,35.679872
48,235,-100.84561,31.269719
48,237,-98.170674,33.202431
48,239,-96.595231,28.962851
48,241,-93.995016,30.740942
48,243,-103.99734,30.602315
48,245,-94.061047,30.00808
48,247,-98.684709,27.298922
48,249,-98.067992,27.743394
48,251,-97.323637,32.429279
48,253,-99.811192,32.723502
48,255,-97.864351,28.855133
48,257,-96.308581,32.63406
48,259,-98.741885,29.847937
48,261,-97.788026,27.07634
48,263,-100.63188,33.248936
48,265,-99.161711,30.040622
48,267,-99.747375,30.492111
48,269,-100.32343,33.672859
48,271,-100.41969,29.310078
48,273,-97.857348,27.493262
48,275,-99.698325,33.465291
48,277,-95.534837,33.673598
48,279,-102.32328,34.029467
48,281,-98.125917,31.094948
48,283,-99.240816,28.38147
48,285,-97.047884,29.409648
48,287,-96.960628,30.267815
48,289,-96.048675,31.299914
48,291,-94.895051,30.157926
48,293,-96.523366,31.594567
48,295,-100.34142,36.374602
48,297,-98.113811,28.346752
48,299,-98.51555,30.693225
48,301,-103.60587,31.738178
48,303,-101.88205,33.559733
48,305,-101.80757,33.178471
48,307,-99.336787,31.15048
48,309,-97.166571,31.543843
48,311,-98.506634,28.439165
48,313,-95.88052,30.958913
48,315,-94.424446,32.790593
48,317,-101.82452,32.194053
48,319,-99.214356,30.754679
48,321,-96.001769,28.916087
48,323,-100.4806,28.704236
48,325,-98.970063,29.289828
48,327,-99.77866,30.907528
48,329,-102.10618,32.002784
48,331,-97.00884,30.749175
48,333,-98.577806,31.492137
48,335,-100.8618,32.393803
48,337,-97.757778,33.641853
48,339,-95.463882,30.237602
48,341,-101.95403,35.902999
48,343,-94.724486,33.071181
48,345,-100.84658,34.021262
48,347,-94.642028,31.62444
48,349,-96.491012,32.079585
48,351,-93.751251,30.688105
48,353,-100.41203,32.448105
48,355,-97.434636,27.738052
48,357,-100.81312,36.378537
48,359,-102.38905,35.32003
48,361,-93.864915,30.12138
48,363,-98.166176,32.780465
48,365,-94.330821,32.167726
48,367,-97.741113,32.801097
48,369,-102.81188,34.537189
48,371,-102.78116,30.900757
48,373,-94.931072,30.744851
48,375,-101.83498,35.220611
48,377,-104.25386,29.825532
48,379,-95.802687,32.88577
48,381,-101.88827,35.121877
48,383,-101.46871,31.223305
48,385,-99.866958,29.724984
48,387,-95.069838,33.595101
48,389,-103.52852,31.372015
48,391,-97.238706,28.292893
48,393,-100.7047,35.71904
48,395,-96.555885,30.964787
48,397,-96.451875,32.911231
48,399,-99.992571,31.803405
48,401,-94.796405,32.189611
48,403,-93.853783,31.340803
48,405,-94.147598,31.451672
48,407,-95.123962,30.556646
48,409,-97.40485,27.948798
48,411,-98.763376,31.187228
48,413,-100.5921,30.86639
48,415,-100.90504,32.704658
48,417,-99.316675,32.689338
48,419,-94.175431,31.82097
48,421,-101.98392,36.338316
48,423,-95.296101,32.328367
48,425,-97.754363,32.234368
48,427,-98.846319,26.390357
48,429,-98.904516,32.75619
48,431,-100.99982,31.836727
48,433,-100.23664,33.143529
48,435,-100.62961,30.560556
48,437,-101.76983,34.52712
48,439,-97.240383,32.758547
48,441,-99.770846,32.426895
48,443,-102.32765,30.159011
48,445,-102.27267,33.18556
48,447,-99.136845,33.14242
48,449,-94.969484,33.179528
48,451,-100.4586,31.454069
48,453,-97.751218,30.306848
48,455,-95.241949,31.00533
48,457,-94.35819,30.742356
48,459,-94.927159,32.6985
48,461,-102.11572,31.191204
48,463,-99.758327,29.244542
48,465,-100.89869,29.380325
48,467,-95.833502,32.582603
48,469,-96.990525,28.818423
48,471,-95.532215,30.733396
48,473,-95.973897,30.022322
48,475,-102.93112,31.561644
48,477,-96.397145,30.182149
48,479,-99.477522,27.514915
48,481,-96.173586,29.279119
48,483,-100.26456,35.347371
48,485,-98.55228,33.925161
48,487,-99.294732,34.147167
48,489,-97.776723,26.453458
48,491,-97.706353,30.552622
48,493,-98.137441,29.216271
48,495,-103.09983,31.84049
48,497,-97.644051,33.166783
48,499,-95.391948,32.772066
48,501,-102.83221,33.03108
48,503,-98.629174,33.169904
48,505,-99.268663,26.903962
48,507,-99.804351,28.757965
49,001,-112.78506,38.302218
49,003,-112.10128,41.593891
49,005,-111.83879,41.747614
49,007,-110.77479,39.600981
49,009,-109.6556,40.967037
49,011,-111.94775,41.016559
49,013,-110.17321,40.288407
49,015,-110.93656,39.218717
49,017,-112.07269,37.766868
49,019,-109.53914,38.581257
49,021,-113.07101,37.710597
49,023,-111.92627,39.743955
49,025,-112.40293,37.120893
49,027,-112.50219,39.217774
49,029,-111.71923,41.074403
49,031,-112.21496,38.290151
49,033,-111.25323,41.736669
49,035,-111.91209,40.655413
49,037,-109.54653,37.474204
49,039,-111.6036,39.385832
49,041,-112.03855,38.77941
49,043,-111.47526,40.729165
49,045,-112.42533,40.542681
49,047,-109.59974,40.42517
49,049,-111.70396,40.262271
49,051,-111.41146,40.495149
49,053,-113.52232,37.139731
49,055,-111.44502,38.362631
49,057,-111.98524,41.222656
50,001,-73.165969,44.062278
50,003,-73.154873,42.97026
50,005,-72.077992,44.466303
50,007,-73.149054,44.482222
50,009,-71.740693,44.676082
50,011,-72.996356,44.840497
50,013,-73.298694,44.793719
50,015,-72.652158,44.585371
50,017,-72.397516,43.993974
50,019,-72.221873,44.867996
50,021,-73.0439,43.601322
50,023,-72.583186,44.241416
50,025,-72.617909,42.955177
50,027,-72.492182,43.54585
51,001,-75.621038,37.798463
51,003,-78.515663,38.053089
51,005,-79.962409,37.794679
51,007,-77.977991,37.339161
51,009,-79.10287,37.517369
51,011,-78.829693,37.358607
51,013,-77.10175,38.874073
51,015,-79.037787,38.127537
51,017,-79.766981,38.013067
51,019,-79.511306,37.31502
51,021,-81.085659,37.157227
51,023,-79.847062,37.448207
51,025,-77.856738,36.757756
51,027,-82.057762,37.264445
51,029,-78.478233,37.577812
51,031,-79.164293,37.253586
51,033,-77.417877,38.009399
51,035,-80.761948,36.714294
51,036,-77.100831,37.38015
51,037,-78.629764,37.00993
51,041,-77.546117,37.420989
51,043,-77.990234,39.127326
51,045,-80.181408,37.472398
51,047,-77.997503,38.499845
51,049,-78.263227,37.481656
51,051,-82.379687,37.142003
51,053,-77.561468,37.135706
51,057,-76.904516,37.912697
51,059,-77.256294,38.84352
51,061,-77.777912,38.698738
51,063,-80.345014,36.943292
51,065,-78.300278,37.882596
51,067,-79.865849,37.014046
51,069,-78.193259,39.172301
51,071,-80.719221,37.319029
51,073,-76.527537,37.371083
51,075,-77.855511,37.70339
51,077,-81.140827,36.654267
51,079,-78.424688,38.255949
51,081,-77.544969,36.707248
51,083,-78.925423,36.751361
51,085,-77.421263,37.688011
51,087,-77.495204,37.600137
51,089,-79.905196,36.690505
51,091,-79.569373,38.388332
51,093,-76.668469,36.918281
51,095,-76.751949,37.288193
51,097,-76.893489,37.699383
51,099,-77.148754,38.291203
51,101,-77.057134,37.700328
51,103,-76.437692,37.703383
51,105,-83.107697,36.718662
51,107,-77.499901,39.059591
51,109,-77.960756,37.976546
51,111,-78.216385,36.969867
51,113,-78.23519,38.380533
51,115,-76.339898,37.442083
51,117,-78.33123,36.694668
51,119,-76.505945,37.602185
51,121,-80.411496,37.19035
51,125,-78.873375,37.80982
51,127,-77.04126,37.498591
51,131,-75.916189,37.388346
51,133,-76.408502,37.888753
51,135,-78.073741,37.144879
51,137,-77.99802,38.255943
51,139,-78.499832,38.60478
51,141,-80.282456,36.655907
51,143,-79.407306,36.775179
51,145,-77.866968,37.549423
51,147,-78.42534,37.258948
51,149,-77.274462,37.21278
51,153,-77.381284,38.679182
51,155,-80.708158,37.080533
51,157,-78.125896,38.692431
51,159,-76.711368,37.944456
51,161,-79.988403,37.270262
51,163,-79.42932,37.785211
51,165,-78.837309,38.456132
51,167,-82.079298,36.941577
51,169,-82.593308,36.683677
51,171,-78.539353,38.861756
51,173,-81.576198,36.830218
51,175,-77.077621,36.710695
51,177,-77.572286,38.23739
51,179,-77.445094,38.417694
51,181,-76.870168,37.119315
51,183,-77.210199,36.966644
51,185,-81.572953,37.144239
51,187,-78.183862,38.923126
51,191,-81.970606,36.703951
51,193,-76.837464,38.151
51,195,-82.609003,36.951511
51,197,-81.068266,36.91901
51,199,-76.486691,37.169161
51,510,-77.09246,38.820575
51,515,-79.519989,37.33767
51,520,-82.170627,36.609644
51,530,-79.352391,37.733885
51,540,-78.492416,38.034373
51,550,-76.282236,36.758513
51,560,-79.824452,37.819864
51,570,-77.401886,37.263554
51,580,-79.988442,37.78198
51,590,-79.408389,36.59099
51,595,-77.540671,36.69194
51,600,-77.303431,38.852505
51,610,-77.174358,38.883632
51,620,-76.93628,36.678213
51,630,-77.477076,38.299387
51,640,-80.91815,36.665747
51,650,-76.365813,37.044009
51,660,-78.869721,38.442052
51,670,-77.30468,37.28911
51,678,-79.442571,37.783771
51,680,-79.185034,37.399981
51,683,-77.475341,38.752529
51,685,-77.45269,38.773122
51,690,-79.865316,36.683323
51,700,-76.495947,37.088412
51,710,-76.259758,36.897081
51,720,-82.624497,36.938501
51,730,-77.397894,37.210854
51,735,-76.380999,37.130752
51,740,-76.35368,36.833426
51,750,-80.558066,37.128853
51,760,-77.466023,37.536243
51,770,-79.960982,37.278059
51,775,-80.055822,37.28584
51,790,-79.077688,38.156925
51,800,-76.569439,36.764512
51,810,-76.099268,36.823872
51,820,-78.896176,38.071621
51,830,-76.711097,37.273862
51,840,-78.168311,39.176378
53,001,-118.98781,46.874469
53,003,-117.06685,46.388422
53,005,-119.27613,46.23075
53,007,-120.34824,47.53254
53,009,-123.48804,48.094628
53,011,-122.56631,45.677786
53,013,-117.98037,46.32684
53,015,-122.90676,46.143103
53,017,-120.16212,47.516556
53,019,-118.53121,48.625332
53,021,-119.10072,46.316144
53,023,-117.57575,46.478111
53,025,-119.45854,47.156264
53,027,-123.76312,46.995579
53,029,-122.57726,48.208148
53,031,-122.82332,48.010374
53,033,-122.23638,47.549353
53,035,-122.63373,47.61238
53,037,-120.62719,47.047952
53,039,-121.11047,45.794801
53,041,-122.81924,46.617899
53,043,-118.33792,47.617302
53,045,-123.04611,47.282793
53,047,-119.57417,48.442796
53,049,-123.8943,46.533906
53,051,-117.22485,48.291976
53,053,-122.42003,47.183191
53,055,-122.97811,48.572257
53,057,-122.33642,48.467639
53,059,-121.91627,45.695401
53,061,-122.19267,47.927183
53,063,-117.37348,47.679974
53,065,-117.82109,48.302546
53,067,-122.84788,47.002534
53,069,-123.433,46.237889
53,071,-118.39309,46.081746
53,073,-122.48336,48.818831
53,075,-117.23552,46.810063
53,077,-120.42118,46.51707
54,001,-80.00637,39.111521
54,003,-77.983364,39.458548
54,005,-81.749762,38.053613
54,007,-80.726645,38.691158
54,009,-80.584662,40.306781
54,011,-82.342292,38.413429
54,013,-81.104659,38.852802
54,015,-81.103138,38.463488
54,017,-80.712923,39.283304
54,019,-81.135752,38.035198
54,021,-80.836441,38.925372
54,023,-79.165212,39.060502
54,025,-80.498606,37.859766
54,027,-78.619484,39.327787
54,029,-80.569432,40.480486
54,031,-78.882957,39.033224
54,033,-80.346651,39.288958
54,035,-81.712777,38.84276
54,037,-77.845506,39.315089
54,039,-81.651007,38.361229
54,041,-80.471274,39.034182
54,043,-82.071358,38.198843
54,045,-81.965773,37.84996
54,047,-81.64488,37.389189
54,049,-80.182684,39.487262
54,051,-80.703586,39.926073
54,053,-82.0612,38.831052
54,055,-81.145942,37.350049
54,057,-78.91209,39.466622
54,059,-82.149977,37.701433
54,061,-79.965853,39.636292
54,063,-80.636676,37.547609
54,065,-78.22559,39.583545
54,067,-80.768957,38.275426
54,069,-80.674979,40.077397
54,071,-79.339696,38.668874
54,073,-81.196981,39.380297
54,075,-80.021187,38.288841
54,077,-79.689195,39.476191
54,079,-81.924707,38.474275
54,081,-81.208024,37.77025
54,083,-79.869444,38.865992
54,085,-81.044435,39.212865
54,087,-81.346071,38.730781
54,089,-80.86198,37.662117
54,091,-80.060213,39.336477
54,093,-79.612369,39.111523
54,095,-80.927106,39.511873
54,097,-80.229112,38.954402
54,099,-82.491352,38.26299
54,101,-80.476985,38.473853
54,103,-80.758118,39.62749
54,105,-81.389602,39.055013
54,107,-81.530871,39.267164
54,109,-81.562651,37.625632
55,001,-89.791969,43.951841
55,003,-90.779063,46.461368
55,005,-91.821012,45.436958
55,007,-91.094983,46.590305
55,009,-88.030433,44.498493
55,011,-91.750211,44.373368
55,013,-92.403771,45.834536
55,015,-88.245641,44.135505
55,017,-91.333271,44.990437
55,019,-90.549893,44.777804
55,021,-89.370136,43.463549
55,023,-91.007809,43.163481
55,025,-89.393492,43.072904
55,027,-88.71239,43.434888
55,029,-87.341766,44.905833
55,031,-92.021355,46.635428
55,033,-91.900466,44.915722
55,035,-91.453972,44.790552
55,037,-88.239789,45.853943
55,039,-88.487524,43.765147
55,041,-88.803021,45.563071
55,043,-90.621271,42.825949
55,045,-89.576176,42.660014
55,047,-89.013225,43.845974
55,049,-90.131969,42.981458
55,051,-90.193278,46.347275
55,053,-90.899933,44.321354
55,055,-88.789135,43.041359
55,057,-90.103188,43.837567
55,059,-87.918977,42.572467
55,061,-87.585405,44.528796
55,063,-91.207768,43.853066
55,065,-90.131351,42.658606
55,067,-89.104609,45.186361
55,069,-89.687099,45.288103
55,071,-87.719466,44.106306
55,073,-89.711006,44.910937
55,075,-87.850794,45.232911
55,077,-89.412486,43.807181
55,078,-88.649852,44.914783
55,079,-87.959793,43.035611
55,081,-90.637002,43.942519
55,083,-88.150463,44.911865
55,085,-89.492975,45.711437
55,087,-88.400796,44.309014
55,089,-87.950655,43.320654
55,091,-91.986628,44.592879
55,093,-92.537026,44.769032
55,095,-92.473656,45.41029
55,097,-89.527504,44.498562
55,099,-90.398148,45.726269
55,101,-87.920612,42.734625
55,103,-90.393032,43.35006
55,105,-89.037023,42.649079
55,107,-91.130252,45.447752
55,109,-92.576983,45.019652
55,111,-89.871513,43.44317
55,113,-91.338443,45.930108
55,115,-88.696793,44.789243
55,117,-87.817989,43.733745
55,119,-90.412074,45.1723
55,121,-91.356251,44.298488
55,123,-90.842323,43.60455
55,125,-89.485899,45.985187
55,127,-88.549717,42.669667
55,129,-91.829284,45.848472
55,131,-88.214814,43.346585
55,133,-88.23252,43.03478
55,135,-88.936089,44.434253
55,137,-89.232205,44.104113
55,139,-88.538267,44.099111
55,141,-89.962467,44.47721
56,001,-105.59927,41.31767
56,003,-108.24411,44.625791
56,005,-105.49212,44.256023
56,007,-107.07481,41.675281
56,009,-105.53025,42.796463
56,011,-104.60626,44.452389
56,013,-108.61027,43.014723
56,015,-104.22591,42.050501
56,017,-108.22547,43.659808
56,019,-106.69555,44.277007
56,021,-104.77737,41.152202
56,023,-110.8188,42.503839
56,025,-106.33829,42.842643
56,027,-104.46174,42.816362
56,029,-108.97435,44.609279
56,031,-104.92872,42.101299
56,033,-106.97512,44.780765
56,035,-109.97656,42.774209
56,037,-109.30223,41.577416
56,039,-110.77992,43.501456
56,041,-110.77165,41.273058
56,043,-107.90926,44.011935
56,045,-104.31271,43.901854
